Event parameters: 20120411d_freqx2_3.flt
      On time
   19178.4300
   19299.7800
   27042.5700
   29952.1500
   32424.3300
   36862.8000
   38468.3100
   38972.4300
   44723.3100
   48628.0200
   48993.1500
   49068.7500
   49458.0600
   53466.1800
   57359.4300
   58279.2000
   71307.3300
   72210.3600
   74607.2100
   80033.3100
   82363.1100
   86008.1400
   94260.9000
   97337.2200
  118675.8600
  121375.3800
  122420.2800
  127506.9600
  129975.5700
  132076.4700
  153583.3500
  158088.6000
  161512.5000
  166673.3400
  178166.2500
  181983.3600
  192289.6200
  204430.3800
  204707.7600
  209055.4500
  212266.4400
  212847.3600
  215772.2700
  222928.3500
  224873.1600
  261487.0200
  266616.6600
  267175.8300
  268320.2100
  268712.4000
  273982.5600
  278449.5300
  281315.0700
  292414.2600
  307899.6600
  323187.7200
  329923.1100
  340416.7500
  355867.0200
  393615.6600
  398820.4800
  455560.0200
  463480.9800
  495720.0600
  498545.9700
  499108.1700
  508801.4400
  508836.9000
  514503.0000
  515567.7600
  537325.6200
  541162.9500
  543816.7200
  545361.0900
  550718.4300
