Event parameters: 20120411d_freqx2_3.flt
      On time
   19165.7700
   23234.8200
   23712.2100
   26817.5400
   29911.8600
   37000.4700
   37830.5100
   38145.5100
   38445.6600
   39715.6200
   47734.2900
   47987.2800
   49711.0800
   50350.9800
   53463.0300
   56798.4300
   58132.2000
   61080.8400
   61362.9300
   62902.7400
   63040.2300
   63443.5200
   68277.0000
   72203.6100
   72205.9200
   74331.1200
   74348.6700
   80166.1200
   80367.5100
   80838.2400
   81977.9700
   83532.2700
   86197.5300
   91191.7500
   94256.3100
   96809.5200
  110423.0100
  111913.3200
  112012.8900
  115730.7600
  115940.9400
  117689.0700
  117942.9300
  122508.7500
  127427.4900
  128611.8300
  138089.5200
  171693.0900
  184766.2200
  205817.7600
  207723.1500
  207819.9900
  212671.7400
  212896.5300
  215676.1800
  215929.9500
  216669.6600
  217367.2500
  218223.5700
  220618.5000
  222199.6800
  222385.6500
  222618.6000
  223441.5300
  223570.2600
  224956.8900
  225751.8300
  225756.0900
  234090.3300
  235534.0500
  238601.0100
  240822.9600
  243975.9000
  245226.7200
  248906.1000
  248950.7700
  255029.2200
  268412.9700
  275640.4200
  276442.1700
  279504.3900
  286950.3000
  287056.2600
  287060.3100
  287585.8200
  289818.1800
  290689.5300
  291421.0800
  298402.2600
  298914.9900
  299366.7900
  299648.2800
  300397.8300
  304566.6900
  307898.7600
  311885.8800
  311925.2700
  315237.2400
  326301.3000
  326431.4700
  373697.8800
  395685.7500
  398139.0900
  398688.8400
  399165.0000
  402789.5100
  444082.3800
  455272.9500
  457671.1200
  465538.9500
  476244.9000
  476267.7300
  476416.3500
  508594.2900
  508806.6900
  511236.9900
  523285.4400
  526737.6900
  526835.3100
  528748.6500
  529136.3400
  530592.2700
  530643.9300
  535040.8800
  546167.4600
  547315.3500
  565107.2400
  572110.7700
  582913.5000
  587196.4800
