-9.999999873910547787e-01 1.079614134543165109e-04 1.164569591677873481e-04
7.497418557685114893e-01 -3.455612090713496287e-01 -5.643355389251464294e-01
7.505075640033824769e-01 -3.455475324538513915e-01 -5.633252161840114347e-01
7.512383818344187114e-01 -3.445573943164232378e-01 -5.629574545919798778e-01
7.531820929514030372e-01 -3.432738606482181321e-01 -5.611415075121530815e-01
7.536623387311999211e-01 -3.454229148107078595e-01 -5.591744710748984826e-01
7.551250789077489367e-01 -3.434378130689225705e-01 -5.584233015902916319e-01
7.571077543736991489e-01 -3.431336668738925177e-01 -5.559200796201655415e-01
7.576771982240169123e-01 -3.379213984592188691e-01 -5.583317936091134470e-01
7.605486891486472611e-01 -3.390989540577180605e-01 -5.536944922890564280e-01
7.584382357089726190e-01 -3.471249097376842285e-01 -5.516119466203261990e-01
7.566345981967768086e-01 -3.425152191139743674e-01 -5.569447095420767546e-01
7.554816501033649878e-01 -3.427423467807279023e-01 -5.583683014644866827e-01
7.704989372667049308e-01 -3.320967971457779999e-01 -5.440984331868585766e-01
7.636057390773981490e-01 -3.377474206652503197e-01 -5.503026031939436402e-01
7.676217553421429418e-01 -3.295708119105485445e-01 -5.496725576759938781e-01
7.733292421949473638e-01 -3.462277646523368446e-01 -5.311197775926204123e-01
7.659191343304534438e-01 -3.376340507727862983e-01 -5.471481768454028449e-01
7.640330924788746314e-01 -3.419002951863615025e-01 -5.471358348240832337e-01
7.680252370578860566e-01 -3.400829562227719594e-01 -5.426608684334608412e-01
7.693153160461082551e-01 -3.313327377299031817e-01 -5.462348958143224964e-01
7.717453613383107314e-01 -3.217503395466965732e-01 -5.485305973730048024e-01
7.646989467625090464e-01 -3.372938061574429214e-01 -5.490613892345140856e-01
7.673862624525658038e-01 -3.321202589016156170e-01 -5.484655484405610570e-01
7.902255320018938267e-01 -3.344198902268606943e-01 -5.135240457787525470e-01
7.852044063467346069e-01 -3.223980171840019615e-01 -5.286904186473365685e-01
7.750217579369201859e-01 -3.433331829457944573e-01 -5.305314318800306017e-01
7.905702337178888151e-01 -3.179929350854919790e-01 -5.233346909912973688e-01
7.795544188178530343e-01 -3.258886345385280103e-01 -5.348752246834518331e-01
7.828587822163316501e-01 -3.325703414820509463e-01 -5.258603379922033305e-01
8.096022966041374058e-01 -2.803844970818071269e-01 -5.156827078053795033e-01
7.935068722925271434e-01 -3.169451390872083385e-01 -5.195119078842383997e-01
7.879910516224516437e-01 -3.104424683910824156e-01 -5.316912415887575794e-01
8.888247331876882873e-01 -2.744815261472993151e-01 -3.669475241470968041e-01
8.377710689909552144e-01 -3.320636534995685119e-01 -4.334436133873363350e-01
8.262452873756699345e-01 -3.355583601334872768e-01 -4.524591827270404987e-01
8.037709881652783661e-01 -3.516670127618686248e-01 -4.798775997261756632e-01
8.064322397976553258e-01 -3.366558526530148976e-01 -4.861377165880140794e-01
8.308492879425368738e-01 -3.303583355218411288e-01 -4.478312526796427440e-01
8.192353126025651022e-01 -3.377699472824568505e-01 -4.634274110341163322e-01
8.458481667654237368e-01 -3.196380772024392525e-01 -4.270507913373994824e-01
8.199254642457239894e-01 -3.236860616101699395e-01 -4.721753557744529650e-01
8.100611437630528266e-01 -3.357593633938187327e-01 -4.806938664666653427e-01
8.081550169301260356e-01 -3.523504569297767341e-01 -4.719476921355219012e-01
8.060167986625126346e-01 -3.435060087284953489e-01 -4.820171596958489624e-01
8.357430168784575342e-01 -3.060317298533897779e-01 -4.559366075035389265e-01
8.322567010143143706e-01 -3.179053309039998609e-01 -4.541860678175723698e-01
8.994650421089663839e-01 -2.833210072918507794e-01 -3.327038395496005330e-01
7.926788636970129032e-01 -3.431246005897146678e-01 -5.039104360083855871e-01
8.225712717967302856e-01 -2.823730357815589787e-01 -4.936010245919432715e-01
8.477765443584713845e-01 -3.115799973050577543e-01 -4.291769286844168141e-01
8.122397794139644134e-01 -3.254131987960975914e-01 -4.841206366050160304e-01
8.164032302989208123e-01 -3.685676649961932005e-01 -4.445713012293318056e-01
8.530336314209263637e-01 -2.745926584715837060e-01 -4.437707691796918819e-01
8.012310685297778790e-01 -3.326480123545947354e-01 -4.973671427619317242e-01
8.452485202246097229e-01 -3.047270411747130536e-01 -4.389719460683247365e-01
8.660184508069753706e-01 -2.000846592166062310e-01 -4.582337525849234927e-01
8.702594602190660833e-01 -9.063723142087216911e-02 -4.841831927892362719e-01
7.909753795139108368e-01 -2.810548640463774173e-01 -5.434759538366875642e-01
8.084084465110666917e-01 -2.471497073574806524e-01 -5.342216822281510291e-01
8.163835210691789968e-01 -2.469777203202928317e-01 -5.220344358297457354e-01
9.072809506065186991e-01 -1.803195212698847916e-01 -3.799028124606755319e-01
9.201032501729315971e-01 -1.895874784447367789e-01 -3.427340033293665988e-01
8.906798532911106570e-01 -3.007211311352783745e-01 -3.409636347618968943e-01
8.891691657722958775e-01 -3.556408663058004405e-01 -2.879197264048775073e-01
8.555584312936607150e-01 -3.554601072855564370e-01 -3.763879418510523989e-01
8.832961506628425052e-01 -1.998172803239195716e-01 -4.241001823958076011e-01
8.210352112639819344e-01 -2.759131103474448121e-01 -4.997730859131045977e-01
8.381947585343406670e-01 -3.240741518506243257e-01 -4.386405029951713219e-01
8.668844707794070015e-01 -2.818015519475089992e-01 -4.112167307412026851e-01
8.302577933836068347e-01 -3.423073196933885121e-01 -4.398837294218922445e-01
8.419686583586440953e-01 -3.202223105068304210e-01 -4.342193572325073747e-01
8.511954162756396602e-01 -3.007159317164009860e-01 -4.301584495546701414e-01
8.845722136414306824e-01 -2.236835566431285005e-01 -4.092647863437303135e-01
8.603499564722784099e-01 -2.199350932188446905e-01 -4.598113821655208655e-01
8.579306231691538054e-01 -2.674200042332018912e-01 -4.386816467149062260e-01
8.477312816688105102e-01 -3.400920459223287784e-01 -4.070492284485016654e-01
8.518874072232630601e-01 -2.979799833477472237e-01 -4.306922044087894696e-01
8.844606760577007343e-01 -2.429195413869719433e-01 -3.983960453115697464e-01
8.692463417305996698e-01 -3.198454399100507106e-01 -3.769743916457931054e-01
9.467750909643427581e-01 1.791317392632392827e-02 -3.213970213448558155e-01
8.675430727299897615e-01 9.640730790652175808e-02 -4.879289373878379910e-01
9.705706151212274424e-01 -1.179303388712236722e-01 -2.099645594783092206e-01
8.827574371566933031e-01 -2.970585485806283566e-01 -3.639993487078201362e-01
9.201077836678830391e-01 -3.184728252741692023e-01 -2.279840476780436720e-01
8.296230634275646443e-01 -3.229628970366207885e-01 -4.554344516687073852e-01
8.517162371304627388e-01 -2.970652460501730929e-01 -4.316615468135604483e-01
9.382330868526118639e-01 -2.772435184493031723e-01 -2.070137826640293388e-01
9.001592775186920692e-01 -2.893283919785991642e-01 -3.255800311630063781e-01
8.216267521154470010e-01 -3.033664977320820189e-01 -4.825953255699774180e-01
8.537257079384992231e-01 -3.012224296687955882e-01 -4.247557692007674635e-01
8.727466774627080648e-01 -3.486665564523211969e-01 -3.416794834190141628e-01
9.006387927013030925e-01 -2.077627990283178183e-01 -3.816862381871502508e-01
9.568000630800953532e-01 -2.508819413524585040e-01 -1.469417938952255476e-01
8.562042866236267979e-01 -2.100700860161359707e-01 -4.720008247116729283e-01
9.662948168377128999e-01 -1.722651347459894511e-01 -1.913087826094682087e-01
8.595945507420234000e-01 -3.719975723049321892e-01 -3.503070289529681136e-01
8.494285238605731037e-01 -1.941374412287121543e-01 -4.906952585517981302e-01
9.828021379759170895e-01 -6.588275257290249209e-02 -1.725091896201016717e-01
9.647862122619730307e-01 -2.428737242097826488e-01 -1.009946469753010556e-01
9.064786319332089892e-01 -3.311036214234603925e-01 -2.620436637829037241e-01
8.585230283427084386e-01 -3.058761816734928973e-01 -4.115555506734288604e-01
9.840468392906061013e-01 -2.686730290929444792e-02 -1.758691732980749156e-01
8.578976111513043623e-01 -5.764826866671864808e-02 -5.105765034748617204e-01
8.451509623983768371e-01 -2.588226683912312476e-01 -4.676865158243717069e-01
9.239329083445412261e-01 9.070846990118162922e-02 -3.716449304997766490e-01
9.270492957463223327e-01 -3.300899645890337797e-01 1.778207483221748708e-01
9.511169310008839028e-01 -1.610610700443891596e-01 -2.635069548979995790e-01
8.350124797584422831e-01 -3.001685399264228948e-01 -4.611431516200759639e-01
8.989481770663546589e-01 -3.351226473678810547e-01 -2.821081107841826863e-01
8.997616696166049755e-01 -3.392499414733286534e-01 -2.744784419568910838e-01
8.518151843459621508e-01 -3.530803268342963541e-01 -3.869692165020894858e-01
8.276799538856765004e-01 -2.661084020057536415e-01 -4.940973712920850858e-01
8.494806522035057705e-01 -3.087638262383666787e-01 -4.278405323698891149e-01
9.126252113955071188e-01 -2.176726373651761137e-01 -3.460257887322771841e-01
9.545922149737103846e-01 -7.397481246711722080e-02 -2.885852217838610900e-01
9.197771514886298183e-01 -2.604644430048512760e-01 -2.935443161255806288e-01
9.581527479669875724e-01 -1.312492872880908212e-01 -2.543952360986314609e-01
8.123349846228118398e-01 -2.947511047375954152e-01 -5.032232695472489414e-01
9.257688585424864725e-01 -2.328946669071685349e-01 -2.978457565236419802e-01
9.240962704527101446e-01 -2.445880864406471955e-01 -2.936371075097529149e-01
9.108218776006304918e-01 -2.527413606520166334e-01 -3.263821562215518113e-01
8.400098135073891248e-01 -3.127467934365180113e-01 -4.433654885153525127e-01
9.446868166340248729e-01 -1.461820387048686776e-01 -2.935943290289519392e-01
8.089084436072071504e-01 -3.447397619540636393e-01 -4.762579410244213163e-01
9.699168799882090797e-01 -2.215009557417471353e-01 -1.009879820544526824e-01
9.452982813357945213e-01 -1.374340206555388910e-01 -2.958429469668765188e-01
9.202825915596665185e-01 -2.519570006247324745e-01 -2.993286179242009015e-01
8.534772917208045540e-01 -3.488543416658156371e-01 -3.871397174378146677e-01
8.066002048152487447e-01 -3.213986067000697000e-01 -4.960837078591199267e-01
8.614451945668779587e-01 -3.383634859200828626e-01 -3.787114048370393560e-01
9.027604825198963789e-01 -2.309986121982896268e-01 -3.628541750661111731e-01
9.211046015518350449e-01 -3.095895268278793244e-01 -2.360521931237348492e-01
8.021952921591389840e-01 -3.230475437686560758e-01 -5.021185096197429143e-01
9.111097637900303914e-01 -2.200727572742701699e-01 -3.484924387015805869e-01
9.429464272420321480e-01 -1.472032822658883300e-01 -2.986356124805547574e-01
9.423081393832256625e-01 -2.886038889713318234e-01 -1.695970687327655879e-01
9.027391515312583881e-01 -1.386778659220986865e-01 -4.072228797549520274e-01
9.560135707981639586e-01 -2.891630386824921017e-01 4.922183976296674868e-02
8.470086374681199404e-01 -3.547881338832263864e-01 -3.958557162781118355e-01
9.328562501870149015e-01 -2.459634670436044168e-01 -2.632132013537910042e-01
8.585315802025734744e-01 -3.960050579900660783e-01 -3.257353524583360693e-01
8.700693441921727445e-01 -2.774914969725751357e-01 -4.074037375932157423e-01
9.091996487760818368e-01 -3.054901956726348011e-01 -2.828988140896752657e-01
9.166690354132414065e-01 -2.417139781293477785e-01 -3.182644062590769263e-01
9.268337917301978646e-01 -1.336560654327772213e-01 -3.508777261098990907e-01
9.345884307500819110e-01 -3.388375082301024466e-01 -1.083217804714950300e-01
8.829723867123313585e-01 -3.478194284795823044e-01 -3.152481712487256726e-01
9.660659812374502442e-01 -2.495080854149434868e-01 -6.679996413391080246e-02
9.802612523987541682e-01 -1.328252374334093489e-01 -1.464422525993929747e-01
9.500366508844720892e-01 -3.048323859665887370e-01 -6.713850193541912037e-02
8.963918533336630023e-01 -1.782908247123772827e-01 -4.058251188633116291e-01
8.555136718121968409e-01 -3.514826075466521704e-01 -3.802056468999625016e-01
8.559503895348802294e-01 -3.717979761697292607e-01 -3.593260296321156289e-01
9.643861099405073301e-01 -2.078058001329410598e-01 -1.636342885367367272e-01
9.678843905047959106e-01 -2.440746141545578063e-01 -6.022781203450312121e-02
8.960872134482137374e-01 -2.665040876005965731e-01 -3.549694031698917840e-01
9.163754698132301479e-01 -2.915321493565757871e-01 -2.743446814066515249e-01
9.242052529517530424e-01 -2.413620839208322211e-01 -2.959543796969045792e-01
9.509956812561897177e-01 -2.236304310300663845e-01 -2.135337082274891551e-01
8.624977936867828099e-01 -3.153984389210408579e-01 -3.957541921592266365e-01
9.752139626302183117e-01 9.643937068747925750e-03 -2.210536621928735346e-01
9.305835049107721302e-01 -2.047784693080351992e-01 -3.034470611092502934e-01
9.651296929932006163e-01 -2.617535282808493013e-01 3.125081659270381382e-03
9.684516891405385852e-01 -2.250455528373148661e-01 1.070318875335047742e-01
9.382115448426663340e-01 -3.081416003757693756e-01 -1.575050832252626598e-01
8.669250048407698417e-01 -3.364161267528554267e-01 -3.677842107030126484e-01
8.917068366764102638e-01 -3.622178338002510767e-01 -2.713985230276750871e-01
8.878826244866309114e-01 -3.305074553046565833e-01 -3.200457266122653799e-01
8.847491821409091406e-01 -3.252806183389924111e-01 -3.337834687847728854e-01
8.711097177369097055e-01 -3.565520692251190615e-01 -3.376958418393796180e-01
9.664024383155223052e-01 -1.405808972273693280e-01 -2.151821055584339226e-01
9.434397942385225333e-01 -1.841193349540837243e-01 -2.757198308849767021e-01
9.658829922477835117e-01 -1.049117461518771499e-01 -2.367774710690024875e-01
9.326853198591978922e-01 -2.023580798344764564e-01 -2.985788030735759269e-01
9.833534772131201640e-01 -1.785540898642238861e-01 -3.368049651689205420e-02
8.848872646316282564e-01 -1.868118992825165692e-01 -4.267034604725084557e-01
8.429500415691149051e-01 -3.543062274172748549e-01 -4.048485205999468040e-01
9.301365914411323654e-01 -3.262495403368126379e-01 -1.685442336370207295e-01
9.822072427714512166e-01 -1.093386091057882287e-01 -1.526892295026576751e-01
8.887924385537465666e-01 -2.079527211274206921e-01 -4.084160463857729462e-01
8.878886684073596935e-01 -2.844034705614597036e-01 -3.616191068602467862e-01
9.270888801557370940e-01 -2.019755125305897070e-01 -3.157722290347696470e-01
9.646606274322253594e-01 -1.419943895279158486e-01 -2.219627608961914356e-01
9.726429705486659971e-01 -1.117097716502640503e-01 -2.036825440731546699e-01
9.926779919275580122e-01 -1.171553673587601846e-01 2.941129445816793170e-02
8.768089292589750228e-01 -2.861371396224373642e-01 -3.864345208446307578e-01
9.886223810821739288e-01 1.502369131962417448e-01 -7.393073560966250020e-03
9.100996382108391680e-01 2.934586775288630101e-01 -2.925758929090198635e-01
9.528997477442781028e-01 -1.533709972209819535e-02 -3.028974151771612333e-01
8.804456923252446110e-01 -6.900899923438068295e-02 -4.690982209416169613e-01
8.737298194778949645e-01 -1.460799137204981668e-01 -4.639578228271797333e-01
8.962796439793478953e-01 -1.009877327218955262e-01 -4.318382540117819968e-01
9.541270971925545075e-01 -1.877728020632762201e-02 -2.988124765650905235e-01
9.959673196213055801e-01 -6.989100738242651732e-03 8.944412064089449221e-02
9.980609277187425521e-01 -6.207803377725547300e-02 -4.549976214518214671e-03
9.731725636792882828e-01 -2.245086193412410003e-01 5.030945381706293518e-02
9.385238779494436967e-01 -2.562599057377131784e-01 -2.313088654376142250e-01
9.736405144594609817e-01 1.153003691837312800e-01 -1.967993228372784120e-01
9.740093244993320853e-01 -2.226369812364284440e-01 -4.169664703888144308e-02
9.201903297377747037e-01 -3.166388452910166573e-01 -2.301946973973488797e-01
9.728856285444487106e-01 -1.547789795203514951e-01 -1.718633796662671909e-01
9.763901512072744593e-01 -1.418540420182439199e-01 -1.629101083067652500e-01
8.981825507537473108e-01 -3.319298499414756187e-01 -2.882545407089396328e-01
8.776628478544247214e-01 -2.617935117333023975e-01 -4.014624300110860577e-01
9.186030249386512025e-01 -2.652333787536729770e-01 -2.929500595126589002e-01
9.735559209020213656e-01 3.072174313865052089e-02 -2.263736808357806052e-01
9.590992427362842188e-01 1.353016300157166563e-01 -2.486405266600285879e-01
9.922881440508861672e-01 -1.015095068488281183e-01 7.113409305920469217e-02
9.157851138746728736e-01 -2.643006760315128600e-01 -3.024612005775905166e-01
9.071942590016156549e-01 -2.738203457810394759e-01 -3.194072551944637794e-01
9.161491835929675975e-01 -3.231507315383766454e-01 -2.371587613986696486e-01
9.147873824001954146e-01 -2.624117702973849942e-01 -3.070897390190546750e-01
9.416900317687143529e-01 -1.347376221833563037e-01 -3.083271918527667466e-01
9.188585447198450717e-01 -2.977934052299187062e-01 -2.588784707095164728e-01
9.933524574049894529e-01 3.418962231308132066e-02 1.099179925833685539e-01
8.925715426810564290e-01 -1.437680427712399733e-01 -4.273719586890162847e-01
9.288947210629716622e-01 -3.264277684253257816e-01 -1.749271539304458611e-01
9.558120243993535325e-01 -2.525326068729153439e-01 -1.505013504244370193e-01
9.820416173954552574e-01 -1.430168027372156758e-01 -1.230465596355393432e-01
9.387085969385290385e-01 -1.325433630603996826e-01 -3.182112929208160690e-01
9.135428513453481836e-01 -1.528627283127993453e-01 -3.769249859701242489e-01
9.489086571003347848e-01 -1.415560923476754662e-01 -2.820181433867257614e-01
9.202746610630245794e-01 -3.664921572874703659e-01 -1.370330137306753626e-01
9.210909574497866403e-01 -3.640228648679774692e-01 -1.381260364940133378e-01
9.443421530216362658e-01 -2.495689384218244544e-01 -2.143204213355880683e-01
9.137993987915100647e-01 -2.540219102743631607e-01 -3.169282692800348689e-01
9.418418175363609812e-01 -2.228373800516225967e-01 -2.515501794702859062e-01
9.135443787198468391e-01 -3.187815089970949534e-01 -2.526163447421883590e-01
9.412774854630957533e-01 -2.441978382323157781e-01 -2.331611270407981107e-01
8.782744718372617054e-01 -3.721178279953110124e-01 -3.002703352098426981e-01
9.395881876098839403e-01 -1.066681172667323790e-01 3.252628943835189634e-01
9.309720458621928429e-01 -2.977283246408209405e-01 -2.113028502641010886e-01
8.974556136610647439e-01 -2.869356948269914942e-01 -3.350243700723773976e-01
8.079110887502448657e-01 5.871348682083252779e-01 -5.052048305773108178e-02
8.761877413472869414e-01 2.283271032029325631e-01 -4.244546805675454282e-01
9.657309828886107006e-01 7.010117707100006756e-02 -2.498989669091454258e-01
8.987799099845852346e-01 8.057140897869548637e-03 -4.383260839702018963e-01
8.790783497929101076e-01 -1.538079842046390644e-01 -4.511810711014810349e-01
8.816696147700202602e-01 -8.514498280141863384e-02 -4.641217752864328916e-01
9.417020852742524761e-01 -1.392974936809585340e-01 -3.062570666030873245e-01
9.068668300008492222e-01 -1.638054549025917961e-01 -3.882786700146765302e-01
9.317705865630626638e-01 -2.390259073606907092e-01 -2.732584667056532357e-01
9.715661354443982933e-01 -1.200007934160166184e-01 -2.041054973222515001e-01
8.730290238130747893e-01 -2.201813240902190660e-01 -4.351327476780708636e-01
8.680687552740965485e-01 -1.875983037522792607e-01 -4.596341072485246038e-01
8.966892616344515066e-01 -2.356165914544178230e-01 -3.747441659330590924e-01
9.294223232103309140e-01 -1.774052679867097471e-01 -3.235761363402360757e-01
9.595132069927828633e-01 -2.109314810996186229e-01 -1.866609650879002269e-01
8.350926934225272324e-01 -1.811126699703520249e-01 -5.194404625830754130e-01
9.356248137954862321e-01 -1.708359780152291785e-01 -3.089033447953291045e-01
9.461679007805089414e-01 -1.240037982712243192e-01 -2.989805370704163856e-01
9.044888298463572562e-01 -2.212906884438397004e-01 -3.645961984047819127e-01
9.251884093577760204e-01 -1.595127879760085687e-01 -3.443574852709743173e-01
9.807791806933278123e-01 -1.835039415253574557e-01 -6.632120447626609072e-02
8.821557750844288837e-01 -1.803541907451012283e-01 -4.350558060362719193e-01
9.541113031264509825e-01 -5.951305977428173605e-02 -2.934788185928384197e-01
9.733368414668150947e-01 -1.378367567538314187e-01 -1.833478157246200002e-01
8.931192204485884911e-01 -1.446295608301068625e-01 -4.259346759767226875e-01
9.634027737468131569e-01 -2.252606445792807721e-01 -1.453022282715360214e-01
9.219381950925645830e-01 -2.089579681943204703e-01 -3.261388231375800251e-01
9.132326754802153612e-01 -1.854353096335022155e-01 -3.627944685030011218e-01
9.055220962353742742e-01 -1.230627158582281722e-01 -4.060607112182742506e-01
9.616543962395489586e-01 -1.527326994167107488e-01 -2.278015467946461481e-01
8.596922790212939702e-01 -3.523562535048250233e-01 -3.698300366482111246e-01
9.281212527871484097e-01 -3.668233590849396819e-01 -6.349459311197727662e-02
8.907062966284221561e-01 -3.442106364790162298e-01 -2.969197381131670754e-01
9.168390002922024440e-01 -3.755686659409933070e-01 -1.354785027467371172e-01
9.205757178096721782e-01 -3.360991534222990684e-01 -1.989414658838634942e-01
8.987167743843471612e-01 -2.252522108704975712e-01 -3.762573599787086276e-01
9.078407648758066717e-01 -2.980816781446529173e-01 -2.949109336463767717e-01
8.495944410039376615e-01 -3.858824003568617211e-01 -3.595609251712892362e-01
9.497360171092128489e-01 -2.466692925866084685e-01 -1.927582887980457127e-01
9.319432864147167983e-01 -1.928903013276895562e-01 -3.070424116636826239e-01
9.078360038273135535e-01 -2.679964778630615219e-01 -3.225084154062457520e-01
8.683815256218804235e-01 -3.040083121063908989e-01 -3.917811533609527608e-01
8.887295294110543198e-01 -2.621401896514392593e-01 -3.760882137508609335e-01
8.999259041917271329e-01 -3.525826531444234413e-01 -2.565518264724329089e-01
8.862336433365068933e-01 -2.828609575483236327e-01 -3.668509344588704035e-01
9.463989343866304749e-01 -2.567865793337713032e-01 -1.959329213427671579e-01
9.183993289899861079e-01 -2.296922686331390184e-01 -3.221554504286791576e-01
9.214948461844097993e-01 -3.326119647212563146e-01 -2.005405928480230582e-01
9.091307601993983134e-01 -2.509963744198446811e-01 -3.323884487874951277e-01
9.103302679458850077e-01 -2.640545409134122945e-01 -3.187067659849411871e-01
9.115420955985426010e-01 -2.909014096413126138e-01 -2.906327198037319537e-01
9.314339328997063294e-01 -1.870900341589733784e-01 -3.121348230514812139e-01
9.482316471655098944e-01 -2.645074471750006317e-01 -1.757627767837895150e-01
9.716324829299947119e-01 -2.128226529403489942e-01 -1.031350401693104657e-01
8.831184910463155679e-01 -2.859510076691144653e-01 -3.719324562136201995e-01
9.199908327232276806e-01 -2.457143557909886589e-01 -3.053544220466464232e-01
8.721372758642360612e-01 -2.377992117159746233e-01 -4.275840349631528925e-01
9.377416899054484833e-01 -3.202868387325337185e-01 -1.343758309667088813e-01
9.428728030256189330e-01 -2.981660413759312789e-01 -1.486199484753609190e-01
8.996500285146686871e-01 -2.006740875199150287e-01 -3.877624747079134737e-01
9.130800169129097421e-01 -3.028305944175995745e-01 -2.730906695568408038e-01
9.297441170518576659e-01 -9.853640742605593306e-02 -3.547766243977017453e-01
8.334477136337447023e-01 -3.353118011436879708e-01 -4.392390062966397002e-01
9.184619473749674468e-01 -3.072874690058875480e-01 -2.490021337582034033e-01
8.742037222358789439e-01 2.392518794943768179e-01 -4.225238338689809581e-01
9.453398004941524491e-01 -5.471857198499897879e-02 -3.214631230508383508e-01
8.335272603045890127e-01 -2.207616907158221342e-01 -5.064549162970160001e-01
8.260903338128465778e-01 -2.633113762017921244e-01 -4.982387776394948120e-01
9.640832945961776979e-01 -2.283465044579097436e-01 -1.356512992286965646e-01
9.074424236630708185e-01 -3.703778237930173689e-01 -1.984150079475855977e-01
9.586342391157379739e-01 -1.087580760211466352e-01 -2.630438680052596401e-01
9.207575542949303360e-01 -1.981611600395031536e-01 -3.360620193663914623e-01
9.636273046164338663e-01 -1.007488465677139067e-01 -2.475319933118581284e-01
9.032851982162920512e-01 -1.966385695225861818e-01 -3.813254825729128772e-01
9.357524875618384863e-01 -3.348431093132540060e-01 1.106678551669974669e-01
9.794914230847904246e-01 -5.496926083972876464e-03 -2.014108634283651722e-01
9.127216976094103540e-01 -1.877986436793342706e-01 -3.628646747000853767e-01
9.426335291927415705e-01 -3.147911736193660381e-01 -1.111240147446935500e-01
9.165268685513011659e-01 -1.036860728817414062e-01 -3.863000097254828402e-01
9.528222747121491976e-01 -2.473792865772124483e-01 -1.758783709980140386e-01
8.829078538260349829e-01 -1.859913712703712974e-01 -4.311391091808673415e-01
9.201551102633922508e-01 -2.351541674792120562e-01 -3.130768125769191612e-01
8.331951331279298101e-01 -2.492538628770578635e-01 -4.936176475500000382e-01
9.971795001317858009e-01 2.613684491938922383e-02 -7.035559575884312022e-02
9.476022177259519896e-01 -1.880842591293661534e-02 -3.188985419777504715e-01
8.035252016442692158e-01 -2.485630282451749828e-01 -5.408915522654470509e-01
9.048205261672692679e-01 -1.265915160732837275e-01 -4.065395472578941516e-01
9.661529506931735289e-01 -3.515036982907269320e-02 -2.555639398814971153e-01
9.079988433566168471e-01 -2.006285613212757668e-01 -3.678128339865279206e-01
9.205782795857399003e-01 -1.657266876931132726e-01 -3.536527903767033854e-01
8.642884673156377984e-01 -8.853100895973556317e-02 -4.951441262074680050e-01
9.149207590689142355e-01 -3.193619871075703553e-01 -2.468358276577085897e-01
9.605329413947529815e-01 -1.592237674210603970e-01 -2.280882732272488389e-01
9.439207782243959066e-01 -5.195399265870888350e-02 -3.260588092400965032e-01
9.767549891785723970e-01 -9.842534166894749414e-02 -1.904262146662529243e-01
9.554997689001044625e-01 -2.349289585731011432e-01 -1.784056502905811137e-01
9.811540314174970190e-01 -7.761774161176654419e-02 -1.769526852587503807e-01
9.766842291756187011e-01 2.279632823413998196e-03 -2.146688606990265202e-01
9.578827727614326326e-01 -1.554219408500911448e-01 -2.414634836766423598e-01
9.409926737083017523e-01 2.180184804206396557e-02 -3.377239515480837673e-01
9.565667879092253356e-01 -2.914118512929821936e-01 -7.688510585531349931e-03
9.958682697523922878e-01 -9.014586286936449033e-02 1.095959433164123663e-02
9.248146878508165525e-01 -1.406625665147056281e-01 -3.534569783112124219e-01
9.369814044034356915e-01 3.368225342012309831e-01 9.282471791729694777e-02
8.112929624348431679e-01 -1.791043501149626183e-01 5.565297484174526188e-01
9.319767683633501942e-01 -1.641577906605652393e-01 3.232205485368284115e-01
9.589717381220992376e-01 -2.253876997959682882e-01 1.719697364763995429e-01
9.801829729365346688e-01 -1.980210007482696155e-01 5.387283912173949744e-03
9.313987291383378775e-01 1.725637581029961301e-02 3.635912881978651812e-01
9.345070659108974942e-01 -8.790044398184672370e-02 3.449203614030337817e-01
9.515037512347310766e-01 -3.923020210287571363e-02 3.051255522390780572e-01
9.614396651817486150e-01 -2.551017417973338586e-01 1.027466376441273366e-01
9.621855343639728053e-01 1.646519268435362726e-01 2.169994019517724471e-01
9.784402813837966839e-01 -1.462850888219821288e-01 1.457919358330272142e-01
9.745593108283219230e-01 -1.023662915047749838e-01 1.993872915744271668e-01
9.870775790147227058e-01 -1.347752700332226217e-01 8.668032991345740734e-02
9.922342152506793411e-01 4.676036769671606391e-02 1.152594035154462376e-01
9.158885738325658332e-01 -3.600310521605681324e-01 1.775549543186639712e-01
9.502772402468048218e-01 -1.098435835197888732e-01 2.913890077344162832e-01
9.369518648025753071e-01 3.377727104329711350e-01 8.961472607635843912e-02
9.423661929995825748e-01 -2.127831340127486481e-01 2.582039817105579727e-01
9.970731199607597572e-01 -6.581854714849899590e-02 3.889874423393838154e-02
9.485890602982932629e-01 -2.485911038711621085e-02 3.155325962767750458e-01
9.624727564417820957e-01 -2.574752715955833660e-01 8.574775579651493229e-02
9.712015425051551132e-01 -2.199908727121449026e-01 9.149633740733086051e-02
8.884606752940034102e-01 -2.062115474898770784e-01 4.100175924737297084e-01
9.960671807802862210e-01 -3.028956303290411892e-02 -8.326291938004787285e-02
9.185521549214349379e-01 -2.129007437852806495e-01 3.330693801370255280e-01
9.823612363905761535e-01 -1.869502980359338262e-01 3.998412366673340795e-03
9.164014910276386816e-01 -3.231887924211179763e-01 2.361298619313115799e-01
9.034677690233183789e-01 -1.791707811736858447e-01 3.894147166063952614e-01
9.530722720785925750e-01 -2.376597525609273065e-01 1.875395590472261342e-01
9.564138549023109004e-01 -2.798198313885524868e-01 -8.350688661771253629e-02
9.825182302469448459e-01 -7.481275444730656199e-02 -1.704728101616749536e-01
9.126577660082454413e-01 -2.880022786670331514e-01 2.900180850006344735e-01
8.202978297074938752e-01 4.959803998678604109e-01 -2.848068003473454568e-01
9.442545434423599282e-01 -2.289311632796103557e-01 -2.365879956124249117e-01
9.273186869587963788e-01 -3.433974619515376414e-01 -1.488564272789587861e-01
9.336826098318572464e-01 2.858023859414965395e-01 2.157632505495768460e-01
9.854016403908723021e-01 1.453012636087282206e-01 8.871950128740022090e-02
9.643440555484373844e-01 4.782852301388301058e-02 -2.602940162867805607e-01
8.803616536754212962e-01 -2.362337403901854094e-01 -4.112869784458778044e-01
9.376159818776937938e-01 -3.240646603983783902e-01 1.259300059890887946e-01
9.463683235444604325e-01 -3.211620618790354542e-01 3.524097333012000260e-02
9.867502153341525251e-01 -1.435346947015276320e-01 7.564260674343972757e-02
9.842438438072204088e-01 -1.459106943197348571e-01 9.987054225706876176e-02
9.710307119081380556e-01 -2.008417018326865422e-01 -1.294680166532448939e-01
9.338274723116530840e-01 -1.112097275046760175e-01 3.399980124417855687e-01
9.897863288735734288e-01 1.209323324918067516e-01 7.548770848996069760e-02
9.818369739275419894e-01 -1.759034752411375024e-01 7.109236264816244655e-02
9.904521537008540433e-01 -2.328644439653278220e-02 -1.358759461299425264e-01
8.382071092224632203e-01 -3.076856183905223308e-01 -4.502648135092984782e-01
9.908557707713125939e-01 -3.624583664810385186e-02 1.299656910683241184e-01
9.361181061156449434e-01 3.511195222960641349e-01 1.994924722995558217e-02
9.501185242336825931e-01 -1.007751169735356805e-01 -2.951595597418100736e-01
9.153065702597851239e-01 -1.190695200971335632e-01 -3.847548983744162321e-01
9.764807552556696857e-01 1.603644985212384910e-01 -1.441130189446757359e-01
9.685387900242208303e-01 -1.370195342981836706e-01 -2.077456604579916155e-01
9.213722249354217020e-01 -2.216044878869131707e-01 3.193190787690732835e-01
9.870293058259681507e-01 -1.358405915157024635e-01 8.555982198071376832e-02
9.385058682610253333e-01 -1.040085698774328715e-01 3.292247752397595151e-01
9.201370241386419568e-01 -2.136932806569906140e-01 -3.281509387634549690e-01
9.823209482506529699e-01 -7.581944122375085249e-02 1.711635678538400152e-01
9.713860545764736454e-01 -1.976233621317658451e-01 -1.317351119257471059e-01
9.429682073743342885e-01 -2.307156627035572838e-01 2.399609194525075540e-01
9.875905108239416696e-01 -1.508667289270018974e-01 -4.363728948242063393e-02
9.952333208404766651e-01 -5.620461267788132154e-02 7.969741904582822167e-02
9.790114573892561012e-01 -1.944845573689652496e-01 6.092883755302124643e-02
9.664900293940860143e-01 -2.565082591718189642e-01 -1.002676709919907323e-02
8.819369029816834793e-01 4.703216431440059297e-01 3.138233817609648035e-02
9.805362101381337459e-01 1.837501233206117190e-01 -6.917104009341995541e-02
9.651569174369621917e-01 -1.925911340248223080e-01 -1.771462102857801479e-01
9.792893147576913204e-01 -2.008435016639074644e-01 -2.557979360337745214e-02
9.676113317393312263e-01 -2.407530227784899779e-01 -7.593610941217431021e-02
9.748015033994769096e-01 -2.045034796921514630e-01 8.910867389834359331e-02
9.379113508711283131e-01 -1.775396905285377136e-01 -2.979965707757831206e-01
9.729511258661666107e-01 -1.757656621525841567e-01 -1.499084343318360379e-01
9.394167679496652212e-01 -3.527229833828068872e-02 3.409574769160227947e-01
9.973824145955979548e-01 6.929452727946412705e-02 2.065399584996237964e-02
9.651481324526780536e-01 -1.138234849191518822e-01 -2.356550375102713646e-01
9.714969198628800040e-01 -1.867019800007729546e-01 1.460688377468923049e-01
9.462826872337899431e-01 -2.174026833236105127e-01 -2.393431618519550885e-01
9.507618852781609675e-01 -9.179294685390268493e-02 2.960167096807098108e-01
9.412357425582417170e-01 -2.680944176973845128e-01 2.054279925675554230e-01
9.747936385215486554e-01 -4.933644842685965676e-02 -2.175851032459345524e-01
8.851384286748457120e-01 -2.643830646031404830e-01 -3.829250021010335292e-01
9.669405550333116661e-01 -2.265502923069054875e-01 -1.170509636334825798e-01
9.996210751749955437e-01 -9.856562134910502176e-03 -2.570124994755679584e-02
9.995404637797868919e-01 -2.997658238620681467e-02 4.501752473357832456e-03
9.534840276792745373e-01 -3.001861083298011379e-01 -2.750471461981233989e-02
9.881269659113345316e-01 -1.446721744518303376e-01 5.172099359292536835e-02
9.731837640572303938e-01 -2.122529712296096771e-01 -8.866813170245217701e-02
9.687191182269422329e-01 -2.461275957161629391e-01 3.169347896013469806e-02
9.989784036713638127e-01 4.318434885252976640e-02 -1.331394052851545690e-02
9.724187418609546718e-01 -1.763757771995956847e-01 1.526216750491113938e-01
9.809501177323600718e-01 -1.916787270389851972e-01 -3.156156082298601506e-02
9.832835116971317957e-01 -1.755234293314347493e-01 -4.842583381098742451e-02
9.105405808392714739e-01 -4.064900581811294877e-01 -7.537694106810319261e-02
9.752609511356391536e-01 -1.746393371142170303e-01 1.355255663050897175e-01
9.524965256114606982e-01 -3.036656549909040881e-01 2.318488035425737143e-02
9.690049986129868342e-01 -1.311648612813396675e-01 2.093444334776833060e-01
8.729704976540051398e-01 -3.167171125594382963e-01 -3.709619668345136567e-01
9.778840231367303959e-01 -2.046432261351552040e-01 -4.317391910538684319e-02
9.215900895927071623e-01 -3.822049196583253150e-01 6.775770180192723646e-02
9.363853044012826476e-01 -2.373647298530785210e-01 2.585353877578318582e-01
9.329362193387622515e-01 -3.517130656505886299e-01 -7.699305226162610205e-02
9.627552923420767961e-01 -6.766856185321280803e-02 -2.617693885924021191e-01
9.887058113351553379e-01 -1.492783171297468459e-01 -1.329671639927880629e-02
9.884338514813135745e-01 -1.499214022537819768e-01 2.284938493868405099e-02
9.904115589723823110e-01 -1.376837227499394245e-01 1.131973248859335923e-02
9.637765230242723025e-01 -2.500851194590336113e-01 -9.269437249588194372e-02
9.415419657049373114e-01 -2.118407418082002835e-01 2.619584450378230067e-01
9.468504974401906749e-01 -2.535143999924675540e-01 -1.980014759887478437e-01
9.629444178572301727e-01 -2.120422481064928588e-01 -1.666617326669346255e-01
9.827697936901810261e-01 -1.179847217297961409e-02 -1.844568477030404385e-01
9.816861304800659216e-01 1.684457484839874675e-01 8.898522934029169662e-02
9.965482366924384161e-01 8.139991139619347227e-02 1.629927513368912770e-02
9.455078700218861876e-01 3.000683947702629251e-01 1.263876029785904465e-01
9.659021086895125396e-01 1.329149295295247168e-01 2.221862685615710042e-01
9.466064254190216243e-01 3.222162749512995639e-01 -1.062767669487551907e-02
9.721669666934924514e-01 1.747675646171033548e-01 1.560374545671020241e-01
9.685947021420112657e-01 1.934984110086842291e-01 1.561495050249692984e-01
9.779383408502562158e-01 -1.019343006534629698e-01 -1.823348563641568332e-01
9.998488609770588287e-01 -1.091727110692407819e-02 1.353027695415103503e-02
9.101485256086908615e-01 4.076231210577659358e-01 7.398008185621265942e-02
9.493545375610701331e-01 2.043429397995847885e-01 -2.386837341887168840e-01
9.368518546166377803e-01 -6.252365419026402471e-02 -3.440921318020254693e-01
8.961538442926652026e-01 4.430256641958640884e-01 2.522990731832231576e-02
9.244496530584327409e-01 1.289485080616202192e-02 3.810860293724109837e-01
9.592107859887514243e-01 -1.612409570033302708e-01 -2.321982382092768749e-01
9.908019966739074480e-01 -5.943473319457155679e-02 1.215685645102726059e-01
9.991550131472682894e-01 1.795516550934425637e-02 3.697122846504112548e-02
9.817282268797088429e-01 1.066430066781850344e-01 1.575974545297594009e-01
9.638875294447146747e-01 2.053318669303544897e-01 1.695867182413169638e-01
9.847883349740536030e-01 8.511165494602822290e-02 1.514857798322320759e-01
9.583336739960816031e-01 2.496829248625349329e-01 1.387624095973459537e-01
9.697958941553832535e-01 -1.602073605275809443e-01 1.839280438436355913e-01
9.473009797402724974e-01 -1.755609208965663304e-01 2.679537587664511111e-01
9.760112681242923971e-01 -6.479696350831746533e-03 2.176235695636195844e-01
9.131224787801921483e-01 -2.381100845405782207e-01 3.309243514557314580e-01
9.511694660564712356e-01 4.226300925217806731e-02 -3.057621377652862127e-01
9.988494619034564703e-01 9.999402854500898108e-03 4.690164600234229125e-02
9.696242073921141902e-01 -2.483065253017873245e-02 2.433358484361479168e-01
8.998527570088878935e-01 -3.669910250148775699e-01 2.357596302636077445e-01
9.815661239361606061e-01 -1.890552611908249137e-01 2.803662884532963709e-02
9.539327976194975633e-01 -1.266731052316215356e-01 2.719671708806360999e-01
9.578427791828658666e-01 -1.197847494241279821e-02 2.870430743029647735e-01
9.724029260485401727e-01 3.569316613103122593e-02 2.305613742667665389e-01
9.300224126944169889e-01 -2.458544061753120680e-01 2.731554920740935088e-01
9.823101116988079973e-01 3.427055264872258273e-03 1.872300716938566922e-01
9.717312537820870233e-01 -2.360896396527073782e-01 2.290671252879925533e-04
9.741532600658266983e-01 3.815821832245255840e-02 2.226418116113364210e-01
9.966788569460348635e-01 7.414426758576164733e-02 -3.367318964571653500e-02
9.968260659117437195e-01 -7.232880507873547249e-02 -3.326166374068170034e-02
9.716196169113987535e-01 -2.064817696051528539e-01 1.154148987508604729e-01
9.981383429531048845e-01 -5.210109681141524007e-02 -3.170684528422713921e-02
9.995416616999607262e-01 -1.320074750894396041e-02 2.724347245279624269e-02
9.918248266085760712e-01 1.233320716013943108e-01 -3.275230430635975298e-02
9.848548271836881085e-01 -1.594868664320104323e-01 6.800668208849780516e-02
9.471680381153981809e-01 -3.162625785790492694e-01 5.339184360141859681e-02
9.755948489719310501e-01 -8.626419201336309184e-02 -2.019236980537867099e-01
9.872223236186343787e-01 -1.396308715417620971e-01 -7.678087953072848526e-02
9.260422351679887809e-01 -8.150437570282288713e-02 -3.685143354421490103e-01
9.977568943631477394e-01 6.567842915053320740e-02 1.294309449571753000e-02
9.417443610131656095e-01 -3.129580399847377015e-01 -1.231861344016278448e-01
9.402099418696313604e-01 -3.353510774479166456e-01 5.953923130194048452e-02
9.976512635912290206e-01 6.821393647253289061e-02 6.230178628681594909e-03
9.850973202795187955e-01 -7.921333630145227511e-02 1.526712708079169256e-01
9.993389309475559923e-01 3.419368138582207228e-02 -1.234881556590719520e-02
9.993207371218927326e-01 3.207378080720029931e-03 -3.671208362384468377e-02
9.909570042850298632e-01 -5.786680849626859961e-03 1.340549513564640027e-01
9.658802843541166583e-01 2.096425996147092408e-01 1.520699073544713453e-01
9.118323227475978454e-01 3.963309882962303132e-01 1.071613872103854004e-01
8.528183388433928647e-01 -6.609276723373753992e-02 5.180083272031277275e-01
9.992986800784490198e-01 -3.054856393786710075e-02 -2.165486630768412649e-02
9.166595853725074683e-01 3.254045375301315435e-01 2.320497608262154232e-01
9.583050508903717679e-01 -2.233826222316710186e-01 1.781898805289026388e-01
9.787035584653994702e-01 1.720822167499343747e-01 -1.119243285688730910e-01
9.436990805605877108e-01 -1.241545389846268090e-02 -3.305720826893832620e-01
9.862084132980647455e-01 -1.347110055312997212e-01 -9.615565780992550715e-02
9.531421291834584197e-01 -2.232519845663447078e-01 -2.041534544474129798e-01
9.824325799460742470e-01 -8.947737815832093600e-02 -1.637682040519865267e-01
8.688559885370411573e-01 -1.354622438075830243e-02 4.948795520006329940e-01
9.714871366019808274e-01 -3.729755995220218612e-02 2.341402046605751686e-01
9.845425701632993798e-01 1.599261456653640057e-01 7.141117187713480474e-02
9.708832387750686577e-01 -1.945947413475283827e-01 -1.397090666546798865e-01
9.868337895757249845e-01 1.566730329530572341e-01 -4.015759575602090986e-02
9.738633256127062765e-01 -2.004551281595119971e-01 -1.068080737637074618e-01
9.001365062799586703e-01 -3.178820113652208179e-01 2.978343447497475704e-01
9.648501843224486230e-01 -2.534812560552044403e-01 -6.936407313309048139e-02
9.580117331167429251e-01 -2.305917728051909976e-01 -1.704140649277918751e-01
9.829261881478618124e-01 -8.615662471105457743e-02 1.625827317752802925e-01
9.464341186789357874e-01 -2.130064842293921679e-01 -2.426740543953138929e-01
9.933997033308725744e-01 -1.106296452479581804e-01 -3.030034677103663962e-02
9.900178178041749710e-01 -6.933713254555562422e-02 1.227073041046026769e-01
9.879565239834209311e-01 1.526836636599304409e-01 -2.509194233170415969e-02
9.907996255472885094e-01 -1.324593163754590464e-01 -2.776025073191690576e-02
9.845290872524173897e-01 -1.248289886312869135e-01 -1.229642222405033236e-01
9.719488019569783033e-01 -1.043150354669909463e-01 -2.107935002553803783e-01
9.762589534827950111e-01 -1.412476463165209528e-01 -1.642180201887745439e-01
9.057907140870264939e-01 -2.413659356084580099e-01 3.482609185676283081e-01
9.991291323476740871e-01 -1.856435183900102120e-02 3.736765626824448822e-02
9.268938007012343938e-01 1.734073984757964482e-01 3.328629693664897915e-01
9.903616131267540812e-01 3.697139744906054876e-02 1.334803019761221232e-01
9.313664821237342961e-01 -9.470705101254636715e-02 3.515494993097934562e-01
9.876681502965665160e-01 -9.129937736195940789e-02 1.271850957584153008e-01
9.626402517718668506e-01 -2.026777494979806749e-01 -1.795702523443973853e-01
9.579819026813881644e-01 -2.841706887360405109e-01 -3.895758973847901485e-02
9.345132500934288933e-01 3.347447259962815225e-01 -1.209584797254452115e-01
9.314211615098957342e-01 -2.945493900912795615e-01 -2.137645356190120693e-01
9.740031936113398014e-01 1.097982818065653399e-01 1.981467035992192094e-01
9.843277012810391913e-01 8.981788505302883141e-02 -1.517620638215821660e-01
9.585184187643129849e-01 2.552093492805190822e-01 1.269276523432743553e-01
9.212746473066034669e-01 -3.201641913854835209e-01 2.207892995246211743e-01
9.314431590078209311e-01 -2.665393131013085726e-01 -2.477305716075706987e-01
9.674490430887178194e-01 -6.105381429693711171e-02 -2.455906773200465520e-01
9.443166145864280159e-01 -3.258556505252009350e-01 4.565332886904982512e-02
9.433061256609296397e-01 -3.227815512061762981e-01 -7.736681130498253289e-02
9.748103446461933164e-01 -7.328365724348327725e-02 -2.106520770175070167e-01
9.440889756001037414e-01 -1.334944841573135477e-01 3.014551854752532400e-01
9.712069802138048047e-01 -7.628999042330197877e-02 2.256919115635172279e-01
9.420290542492085750e-01 -3.197622129169873650e-01 -1.016532741271671259e-01
9.567984017296476962e-01 -2.847228800645709712e-01 -5.890415957576904810e-02
7.289765950386050131e-01 6.833950555247982894e-01 -3.955151034005539162e-02
9.241691778280326508e-01 9.840800243007917503e-02 -3.690896853210334227e-01
9.655930328466089119e-01 1.747203865835929848e-01 -1.926210825173803598e-01
9.901838798555516741e-01 5.789693781867801675e-02 -1.272156777501369518e-01
9.626016311387669555e-01 -5.198825343362340617e-02 -2.658859177051438594e-01
9.840798844277791613e-01 -1.565362636057831269e-01 -8.416162570286787881e-02
9.775446075638068999e-01 1.151251956311506036e-01 -1.765013585041546318e-01
9.911477505881255423e-01 4.817690979007395458e-02 -1.237138709570511641e-01
9.951858499034623717e-01 -8.540951397496512887e-02 4.806598666919720958e-02
9.943643747745170014e-01 -1.030297260553674765e-01 -2.498731134475485824e-02
9.946815982689224400e-01 2.390427038603208307e-02 1.001853478433514522e-01
9.813205152804136411e-01 -1.916897716107048566e-01 1.628120848153625025e-02
9.906890330844319026e-01 -9.795821099695252443e-02 -9.454855167854106512e-02
9.738623504435839351e-01 -4.148963637906637192e-02 -2.233175596804488072e-01
9.665633842451062385e-01 2.416223350160942585e-01 -8.587124930975181814e-02
9.948258798716309581e-01 -1.012799188846669751e-01 7.990417282633863888e-03
9.885867205701891480e-01 -8.191667953098570598e-02 -1.264355706551631431e-01
9.955282877253833762e-01 6.887692165081309159e-02 -6.464826372358439821e-02
9.838421591312920267e-01 -5.329491939928149985e-02 -1.709217876167387073e-01
9.101376901521569529e-01 1.480259365287779905e-01 -3.869595677577625792e-01
9.341823302315986899e-01 -1.162125017906716212e-01 3.373396334713926192e-01
9.539274665795204333e-01 3.042405447068801880e-02 -2.984908129486442685e-01
9.929228414531334757e-01 -1.415943278877828011e-02 -1.179141271592828721e-01
9.747621005268559680e-01 1.334659073008666874e-01 -1.789572545744594900e-01
9.959389929187463242e-01 3.245874753961777021e-02 -8.397590185376092864e-02
9.831707702166534446e-01 2.905364897665801971e-02 1.803638602179870598e-01
9.894111983284935574e-01 -6.085478988293471087e-02 -1.317656069332137636e-01
9.930996817358260786e-01 -2.207718433006224459e-02 -1.151764735883914481e-01
9.995521429474627517e-01 2.268126697629020770e-04 -2.992427250824480217e-02
9.906344057938187841e-01 -8.640153864053835842e-02 -1.057272347982064764e-01
9.466515871661548287e-01 -1.008139338956176717e-01 -3.060838500285339436e-01
8.330698982185674728e-01 -9.571796562811052400e-02 -5.448234720880897886e-01
9.879377747798168130e-01 -1.429606607880877789e-01 5.950800475681535667e-02
9.480636949566014771e-01 -1.129605568062537618e-01 -2.973468394169629936e-01
9.895480659062441120e-01 -8.633135193264974971e-02 -1.155055104083454465e-01
9.804685314792379591e-01 -1.204041522877682437e-02 1.963071246288966010e-01
9.913520222402748550e-01 7.490984055578717160e-02 -1.077482426215118499e-01
9.850233564084291960e-01 1.193974488949031548e-01 -1.243914648489257008e-01
9.957749908842137287e-01 -7.731632132946936187e-02 -4.954143705648943186e-02
9.933683610012445930e-01 1.025915783418099581e-01 -5.190633309180307797e-02
8.988101313910488166e-01 -6.990501713810286233e-02 -4.327281320733922798e-01
9.849203337322193219e-01 1.612780041943387976e-01 -6.262061612523983634e-02
9.893331872491284429e-01 -6.201369544438983111e-02 -1.318110245192390673e-01
9.631030382378292787e-01 2.667803734866135978e-01 3.550732402484250982e-02
9.731883002484948975e-01 1.808734175196670679e-01 -1.420891941500181110e-01
9.984300325531618725e-01 4.198370390503521760e-02 -3.707881743402974967e-02
9.174108326693387605e-01 -1.493309295848471996e-01 -3.688599159169725361e-01
8.960917050890877533e-01 -1.412315821538182581e-01 -4.208007797911745840e-01
9.689556176468181459e-01 -7.193859951555714449e-02 2.365372041147301985e-01
9.399679293011041770e-01 -6.100291092405332044e-02 -3.357661935695531730e-01
9.375096537795027940e-01 3.670256605705852354e-02 -3.460181652963667531e-01
9.920888774193576953e-01 1.249378207846228300e-01 1.225562068554550237e-02
9.766046826767277311e-01 2.297772185412878115e-02 -2.138114077225116150e-01
9.935045861922064958e-01 -1.071511707487799031e-01 -3.830487987474228556e-02
9.393924608516244223e-01 3.175473760275077661e-01 -1.292496362593480996e-01
9.964482966390864060e-01 -5.203259259187806990e-02 -6.620726118206868294e-02
9.921214625997575309e-01 9.757195296161647047e-02 -7.857937034727471848e-02
9.905408314018422367e-01 -8.663317409557703963e-02 -1.064121913686238430e-01
8.896500761364841692e-01 1.562655610129614903e-01 -4.290732064247922417e-01
9.911810047003796198e-01 -1.323456137976134206e-01 -6.697344972362287950e-03
9.948737089058611316e-01 4.799569978087520755e-02 8.900964066009864339e-02
9.603421100649782716e-01 -2.146018420576366326e-01 -1.780142719599035195e-01
9.564576976384771001e-01 -1.223860142206462526e-01 -2.649723309164322971e-01
9.844900713241180323e-01 -1.684678245735405644e-01 4.896827082603450593e-02
9.564986108017213828e-01 6.861688068761823828e-03 -2.916561756096108793e-01
9.320073474008117032e-01 -3.152916180335119667e-01 -1.787554194666903795e-01
9.389234580868904834e-01 -2.847830645965929164e-01 -1.931873338837929444e-01
9.573097399091081705e-01 -5.946453931726330966e-02 -2.828816544757568607e-01
9.643039994626367850e-01 7.617764231734052913e-03 -2.646880546765811304e-01
9.891619758200204116e-01 -1.335136925752991865e-01 -6.109565849339807647e-02
9.766114004250162628e-01 5.192254341408721920e-03 -2.149493267138620212e-01
9.647351411321648529e-01 -1.290766806325290561e-01 -2.294020880061689305e-01
9.518812932147460160e-01 -1.684794188320769548e-01 -2.560013458125333652e-01
9.476797353209999164e-01 -3.139761569534506580e-01 -5.763759299850780560e-02
9.515080158371475028e-01 6.822421837743035400e-02 -2.999632507898980505e-01
9.117510173136501583e-01 -3.521476933596634495e-01 2.114286747084994922e-01
8.767585092483658471e-01 -3.090926511789710701e-02 -4.799365935104915049e-01
9.929722164588478117e-01 7.035905264445052598e-02 -9.516186763498440948e-02
9.943974264374304539e-01 -1.024438137740514045e-02 -1.052084167013715849e-01
9.635271773770996973e-01 -1.391172996305846121e-01 -2.286083012473807963e-01
8.475925393939187646e-01 -2.103017013537887558e-01 -4.871961428125947124e-01
9.792889028965140463e-01 -8.317460775433142828e-02 -1.845947704802473888e-01
9.683747152855075591e-01 -1.687871119948073095e-01 -1.837425416722119065e-01
9.796584821488213413e-01 1.113795862307266904e-01 -1.669246720078837731e-01
9.145485926879629579e-01 -2.022496553167836830e-01 -3.502798146292596115e-01
9.969575882260618416e-01 -6.735626985371892528e-02 -3.922626913009986255e-02
9.509424473455875271e-01 -2.769904066315083124e-01 -1.377852549095737456e-01
9.576990605249809940e-01 5.233416987857997076e-05 -2.877716225250562254e-01
9.491176117261846956e-01 -2.073815590714753465e-01 -2.369992575268275725e-01
9.674204780154261885e-01 -2.495096418243285818e-01 4.292502012928466060e-02
8.397342034209023254e-01 -1.860026525887661653e-01 -5.101465287885482702e-01
9.892584593456260622e-01 -5.041472411744092608e-02 -1.372080763121489577e-01
9.501339171435779773e-01 -2.851600366764188710e-01 1.262113028856925445e-01
9.449542428286327178e-01 -1.627011660461386011e-01 -2.838834435598389661e-01
9.813637139236629503e-01 -1.077118411707092965e-01 -1.591333411500268913e-01
9.746683975384615728e-01 -1.932317421410305325e-01 -1.126188646228938883e-01
9.844830607099332997e-01 -1.174881795248262500e-01 -1.303442781526831240e-01
9.278053396292004207e-01 -2.437250308240253016e-01 -2.824453240989695524e-01
9.646004063704985976e-01 -2.091747206281647786e-01 1.605988551640336603e-01
9.949246241236219257e-01 -3.114514900754355650e-02 -9.568161790943666145e-02
9.842014788150805771e-01 -1.659814386452279078e-01 -6.162476063620050959e-02
7.876722103561014654e-01 5.829553112697646311e-01 1.993378892611873399e-01
8.778748889811611722e-01 -1.258615310840421331e-01 4.620547091952365570e-01
8.546426437719173430e-01 1.916377595320674712e-02 5.188628924270484166e-01
9.607350787449422391e-01 1.817849758125461568e-02 2.768711806863218272e-01
9.922168805932944924e-01 -7.079348830688809990e-02 -1.024399525529684912e-01
9.895961752099954323e-01 -3.295861571291902603e-02 1.400469194949894580e-01
9.100005505481016943e-01 -7.094123115834803650e-02 4.084927658158585273e-01
9.556434638759478961e-01 -2.643767131092438633e-02 2.933370407685251813e-01
9.275861646506482483e-01 1.776735040280647548e-01 3.286579272056125989e-01
8.064411024016794327e-01 5.660607075169332703e-01 1.709620535750341896e-01
8.780894235459034691e-01 1.588579006630804202e-01 -4.513569891491009956e-01
9.576486655024054606e-01 -4.493865415698585636e-02 -2.844108838002173956e-01
9.885510139655809825e-01 -1.352326602815815959e-01 6.692548379196026909e-02
9.955849376344904078e-01 -7.929568683693213882e-02 -5.022774138249717912e-02
9.713626545172937554e-01 -1.466150528205204806e-01 -1.869722431152621434e-01
9.652991638998402735e-01 -2.065621327188447431e-01 -1.597798782729279998e-01
9.660200207842721820e-01 -6.242759420783362823e-02 -2.508149017211221410e-01
9.802055913688552113e-01 -1.942346518768789665e-01 -3.833925741978095464e-02
9.358189616503345132e-01 -1.691472588289740508e-01 -3.092443626751078534e-01
9.840475852739019036e-01 2.796518426040024447e-03 -1.778834714111899584e-01
9.694395887084013008e-01 -1.562487688663527219e-01 -1.891380608778540917e-01
9.845121711005189180e-01 -3.531145592474779771e-02 -1.717232833235416700e-01
9.889710034329043387e-01 -1.414679068976220921e-01 -4.385414104642683386e-02
9.613426383755786508e-01 -2.553558661081614667e-01 -1.030228774847225942e-01
9.692468782117279469e-01 1.341394239604881966e-01 -2.063179682343933008e-01
9.801439860207690202e-01 -1.949302951837363906e-01 -3.633107054436809924e-02
9.510307002850346692e-01 -1.855722179860850585e-01 -2.471913409225362512e-01
9.497566763884238705e-01 1.649716061431184544e-01 -2.659823769015056127e-01
9.566563565549031090e-01 3.632634193374493364e-02 -2.889446527361437256e-01
9.875554134633657277e-01 -1.275143762615296161e-01 9.205644565066603557e-02
9.918266844702052776e-01 -1.188221233159692247e-01 -4.648796600760692760e-02
9.605098316908343703e-01 -1.292444886319943087e-01 -2.464076406759733162e-01
9.115389269319560395e-01 -1.905673300877631648e-01 -3.643911049833126747e-01
9.633592194152221788e-01 -1.478402341760256256e-01 -2.237907047365281510e-01
9.818640117112391597e-01 3.018613944539030869e-02 -1.871679980437225832e-01
9.763533899822999240e-01 -2.049163103464610447e-01 -6.887208160106429722e-02
9.739621134053387808e-01 -2.227820011363229880e-01 -4.202358410108732178e-02
9.596170900239958668e-01 -1.673916459489312170e-01 -2.260864378957436749e-01
9.230152394799466808e-01 -1.446134681981769976e-01 -3.565526784410288363e-01
9.700541672985306674e-01 -8.269245805687550077e-02 -2.283787859834316702e-01
9.663455919667116589e-01 -3.286298032775740452e-02 -2.551396116060444808e-01
9.574028625059284314e-01 2.596842225827479533e-02 -2.875854654026699930e-01
9.800800953372602597e-01 2.705936734988415027e-02 -1.967505968538111605e-01
9.998010401308058404e-01 1.659934975644656099e-02 -1.106082008813219497e-02
9.986533399461633431e-01 5.172668821935206412e-02 -3.982002038006758442e-03
9.944781496566515999e-01 9.832734206268785998e-03 -1.044821860103967576e-01
9.778332551192251421e-01 -1.451264155300353575e-01 -1.509319339912662539e-01
9.892141404403260729e-01 -1.149301170582796294e-02 -1.460249808588814091e-01
9.557800407901460016e-01 -2.919050468270593113e-01 -3.572054400592371282e-02
9.756620548297143536e-01 1.892869587427293554e-01 -1.106977958921849109e-01
8.947898151019649804e-01 -2.644511479647132512e-01 -3.597454337860828688e-01
9.361670221851149387e-01 -2.707837549881980110e-01 2.242040691146039710e-01
9.225858974675658075e-01 -1.460693043044445361e-01 -3.570700493376361417e-01
9.386890764738116122e-01 -1.670492744662628593e-01 -3.015913752232279310e-01
8.851494900498088070e-01 -3.719465228435554494e-01 -2.795821246237889524e-01
9.994548489738180885e-01 3.076017289308677349e-02 -1.199235699559305160e-02
9.508778120015299873e-01 3.024053731035324377e-01 -6.619952387514892178e-02
9.170330702450418814e-01 -1.719195242290985914e-01 3.598527827678877911e-01
9.779018404156236688e-01 -1.999630031881225456e-01 6.101465289357260735e-02
9.727965292100531070e-01 -9.488981195751403086e-02 -2.113358378116257930e-01
9.374655825014210908e-01 -1.125209726484549255e-01 -3.293893021024167922e-01
9.832310241438029230e-01 -1.470863471856548865e-01 1.078070481587786456e-01
9.192467703240403409e-01 -3.400571332483283138e-01 -1.983595759618112520e-01
9.818923052344326052e-01 -1.794895767441084811e-01 -6.058871810520865403e-02
9.628862655501628787e-01 -2.684684703017573004e-01 -2.783379364541829770e-02
9.513589973769477348e-01 -3.073530722015258565e-01 2.121667076174762329e-02
9.836643077546354252e-01 -1.467762306263843963e-01 1.042174062846717847e-01
9.228787764772931057e-01 3.686907894458316126e-01 1.111839273707494885e-01
6.904034405151643350e-01 -1.701525752986433604e-01 7.031295687453796850e-01
7.852278449850509379e-01 -1.071136882585459471e-01 6.098720269431807672e-01
8.984981742427022855e-01 -2.061613222969327364e-01 3.875545639923632657e-01
9.787135460156274336e-01 -1.384865955182176811e-01 1.514637174616074999e-01
9.821313750790715558e-01 -1.471681745514853146e-01 1.173008545769202021e-01
9.671782501756854833e-01 -1.586857891167721135e-01 1.984566771854416600e-01
9.852032015810212595e-01 -3.450434864314237682e-02 -1.678812125260543409e-01
9.951245184155603773e-01 -2.165921054321648734e-02 9.621887261262031255e-02
9.988056131617508715e-01 -2.445122277280688261e-02 4.230230279185130671e-02
9.654199508420044928e-01 -2.330620143233934072e-01 1.168178753262709563e-01
9.892244302458182981e-01 -1.410991988249974405e-01 3.906459644972499340e-02
9.366260031017047405e-01 -1.298961716754792051e-01 3.253593627018898649e-01
9.396073213303094418e-01 -2.564515122018419246e-01 2.266510613076170300e-01
9.828374327563345059e-01 -1.189607175261289257e-01 1.409926539171683646e-01
9.911417006188634193e-01 6.825449700365222860e-02 -1.139274020292117551e-01
9.996771877156425123e-01 -2.539168386373440514e-02 8.847324500228856544e-04
9.084209511478853472e-01 4.170902256994760693e-01 2.840984233556229435e-02
9.501490384250511623e-01 1.580761310975022649e-01 2.687540540293221758e-01
9.151993313408909314e-01 -2.773232132168619302e-01 2.924072832955104118e-01
9.366227823575927758e-01 -1.965073177402766047e-01 2.900390277932324845e-01
9.798810739028904759e-01 -5.825157210733181851e-02 1.908922087303263626e-01
8.873964278846391274e-01 -1.854032605405526724e-01 4.220819953024700921e-01
9.735998763125789379e-01 -2.278528182218014508e-01 1.365188897235557024e-02
9.651248004600834207e-01 -1.371369929861765979e-01 -2.229967817964953469e-01
9.045841464227294404e-01 -1.180056658456454383e-01 4.096366498117422483e-01
9.340360676459232847e-01 -2.772886217702755229e-01 2.251391671239846293e-01
9.580880034656247268e-01 -1.525702846413320990e-01 -2.424658447281099749e-01
8.876313443187187069e-01 -1.567502009258610607e-01 4.330588540748780413e-01
9.447015668218391449e-01 -2.737480282308526469e-01 -1.805573778168104715e-01
9.699754442048694747e-01 -1.899098215552674496e-01 1.519272764068799186e-01
9.671888380453518286e-01 -1.795372593543032580e-01 1.797557344399001167e-01
9.857156366579398199e-01 -8.641979742140313767e-03 1.681963133786495701e-01
9.813753702722458616e-01 -2.250102758757925592e-02 1.907775835377823193e-01
9.416016306277098513e-01 -3.307275920662322011e-01 -6.329003906863918394e-02
5.549610710182352191e-01 8.304440092055058731e-01 -4.879505332489267322e-02
8.254515276799107015e-01 5.519198349119301961e-01 -1.183818874730815235e-01
7.941491894326507817e-01 -3.123226965916626185e-01 5.213267671213286381e-01
9.171288736843468126e-01 -4.684132376939788983e-02 3.958289017265058662e-01
9.497158426744938264e-01 -2.208615734933039310e-01 -2.219459022535396064e-01
9.593399108209378356e-01 -1.642254169946523457e-01 2.295581580319191461e-01
9.608656384004710116e-01 -2.232138476220028311e-01 1.640512211811799570e-01
9.862868275103114923e-01 1.109134137462145092e-01 1.222150094334002318e-01
8.012668872906706374e-01 -3.355220221952384674e-01 4.953749569301396649e-01
9.529910244204042868e-01 -2.148639839560672338e-01 -2.136388910584293421e-01
9.751922189286809095e-01 -2.094432181867958431e-01 7.164966501327099668e-02
9.420688491037569889e-01 -2.164133186642094864e-01 2.562646270031546103e-01
9.663725469901223164e-01 -4.113188114868192996e-02 2.538351212440758675e-01
9.670179619880269195e-01 -2.007685590464945713e-01 1.567426135131006482e-01
9.038703237237197818e-01 -7.467786013602996376e-02 4.212382403071704973e-01
9.979493230666054426e-01 3.444446531664271949e-02 -5.395115754044978174e-02
7.349563292897903777e-01 -3.706636599460224613e-01 5.678447369063980288e-01
8.393016407219214825e-01 -1.158585573037983069e-01 5.311775132486059592e-01
6.316749649866729710e-01 7.748086952513610903e-01 2.565588376901119586e-02
7.695423296085437403e-01 6.166114198927129531e-01 -1.661173073419736634e-01
7.662865434716676916e-01 6.297103339581007209e-01 -1.275532382992338731e-01
8.093320100952667850e-01 -2.226509936469503181e-01 5.435147030791169787e-01
9.263120469005936553e-01 -2.168860483974628661e-01 3.080688783005609555e-01
9.019966552545227723e-01 -2.923230467521635290e-01 3.177251489057579814e-01
9.259891848986108176e-01 -2.407104340630238093e-01 2.908651171660104895e-01
8.746917982427503402e-01 -2.571900808929582505e-01 4.108132426993283404e-01
9.716174826184185154e-01 1.276000232199571427e-01 1.991926242221678245e-01
9.605707638294124218e-01 2.092231015232271230e-01 1.831106263032835912e-01
9.466654240835310485e-01 -1.143642899313420808e-01 -3.012397451088554279e-01
9.492116391572446021e-01 -1.421611797776752284e-01 -2.806910455512189873e-01
9.952338767289313770e-01 9.653979800178298654e-02 1.376945942573299005e-02
9.875311714904724258e-01 -4.802530981863480097e-02 -1.499191613886607655e-01
9.294239055365898228e-01 -1.088108586371893116e-01 3.526065808514495248e-01
9.760065849088057632e-01 -1.925626634429936368e-01 1.016403800779512728e-01
9.766271026409762968e-01 -2.140732908032497162e-01 -1.929063378324909900e-02
9.856391979414885762e-01 -1.199525060327060050e-01 -1.188560801041857046e-01
5.384552520022369837e-01 8.426294483191858475e-01 6.446271520176589248e-03
9.670908131312011546e-01 1.087868628470163926e-02 2.541987673887329269e-01
9.355870857310033539e-01 -1.550210931808305159e-01 3.172463800934350875e-01
9.504783163966264992e-01 -9.271958502469457297e-02 2.966379082529452815e-01
9.539764617363498678e-01 3.057379845951969585e-02 2.983188785523828157e-01
9.728373913054497724e-01 -4.334878969048246156e-02 2.273945744963530302e-01
7.494674757537197474e-01 -3.220661203726878363e-01 5.784219194458599667e-01
9.902949296493115394e-01 1.592171151067103569e-03 1.389727214308294767e-01
9.554333247566321186e-01 -2.948616437082203778e-01 -1.427490855222971096e-02
9.982681503600464579e-01 2.052818131546202407e-02 5.512979002872384765e-02
9.596496138464419845e-01 -2.262761083805021889e-01 1.669483196098421607e-01
9.998589502416566077e-01 1.637994298226239098e-02 -3.711750200438416938e-03
9.882819337580712737e-01 -1.113789721828332274e-01 -1.043721416993198120e-01
9.935993506812660359e-01 1.071809460046354162e-01 -3.567317114188197497e-02
8.902581502725908091e-01 -2.117055413235299222e-01 4.032631766553154140e-01
9.194632036840352241e-01 -1.520682116802639372e-01 3.625778207053718116e-01
8.920884686621691761e-01 -1.285490714659269507e-01 -4.331896816698591612e-01
8.787065329368687339e-01 -3.158897246861501751e-01 3.578945526433390256e-01
6.640523475560184963e-01 7.475206233393182353e-01 1.572887115268533850e-02
8.306271444261592585e-01 5.551822092757799920e-01 4.279324065911076919e-02
9.589829896553518918e-01 5.655974384001547645e-02 2.777636061985715443e-01
8.973233493295222907e-01 -1.915922829122487792e-01 3.976219358593299780e-01
9.547797824831329994e-01 -1.866137880840203211e-02 2.967276864440369644e-01
8.980094327197142290e-01 -1.323952118540027423e-01 4.195838016708350882e-01
9.736923775137523718e-01 1.559123444642343814e-01 1.661760957998546506e-01
9.047187736435647887e-01 -3.214892513496703796e-01 2.795149403583155889e-01
8.971786404134254322e-01 3.173223664463732940e-01 3.072084031057593645e-01
9.768560714783209864e-01 -1.983640728692351307e-02 2.129758966688221067e-01
9.354408838248425839e-01 -2.333904299512923886e-01 -2.654793025381607108e-01
9.037172499573825624e-01 1.362266430384202059e-02 4.279130228758298848e-01
9.936014083143108744e-01 -8.056227328655796160e-02 7.915782664222267839e-02
9.456257481575168766e-01 -4.362575122291163787e-03 3.252274778671676581e-01
9.686243848802741363e-01 -2.467650826334640557e-01 2.956002381951337160e-02
9.897883663384967612e-01 1.423792652885331467e-01 6.865469894136186010e-03
9.971887032425965636e-01 2.832199993173032532e-02 6.937257704032408212e-02
9.519715441607120576e-01 -1.868515518328454084e-01 2.425627273220824776e-01
9.641739212337225862e-01 -1.282706057321752469e-01 2.321966867073860796e-01
8.984897726995909606e-01 -3.557905871313089552e-01 2.571559574713291330e-01
9.962101615993279591e-01 -8.375400924232352662e-02 2.346443824338610012e-02
9.711676399812861904e-01 7.648869316409374897e-02 2.257939212450768562e-01
9.570569925527745436e-01 -2.831603260320478266e-01 6.214614040520126392e-02
9.886211230765602487e-01 1.903411858586990732e-02 1.492178854444058123e-01
9.625439901931066577e-01 -1.344220050151436474e-01 2.354565597107912966e-01
9.449860632914496295e-01 -2.549696003215774498e-01 2.049191135467439973e-01
9.944103112394885313e-01 -1.034431902191881164e-01 -2.115748798559317911e-02
9.941532157996373353e-01 2.912895999851395842e-02 1.039754163475411775e-01
9.554873915035243526e-01 9.956592025533285428e-02 2.777237335941954988e-01
8.911360523294472591e-01 -4.102811273569781370e-01 1.937677289266091507e-01
9.516755965627629044e-01 -1.511691065538779133e-01 2.673227639588737770e-01
9.736466171546831472e-01 -1.560856290457119100e-01 -1.662815122274463042e-01
9.519152186411813377e-01 2.874726531592413092e-01 1.059098210974708382e-01
9.965596087809229786e-01 -8.159163844405453725e-02 1.455165565935639428e-02
8.299995214085558182e-01 -2.394684325015538073e-01 5.037416642454910498e-01
9.334101813647102119e-01 -3.530542333422031498e-01 6.401672940605515616e-02
5.768558495798487007e-01 7.733900134542242011e-01 2.628787094741338315e-01
7.918049426772130195e-01 5.950784843899176169e-01 -1.375737263002429767e-01
8.252388050950291154e-01 5.044793375218920017e-01 -2.539321023005984834e-01
8.074590801721047706e-01 5.028650629399954858e-02 5.877764040282342783e-01
8.087634399374712402e-01 5.871843894002287678e-01 -3.340944574800158717e-02
8.904736919707859633e-01 4.548728956113073929e-01 1.213477425015957976e-02
8.800904746801406775e-01 4.739629770206312820e-01 2.828166881612835873e-02
7.068453242850850637e-01 -2.653145378626622364e-01 6.557269885669148035e-01
6.116854430178977342e-01 7.810611556231968899e-01 -1.256359422162076911e-01
9.592019958289083048e-01 8.107629453817058462e-02 -2.708471259987793589e-01
9.260070180817048247e-01 3.220817896389308599e-01 1.969119682660568360e-01
8.885957390535401679e-01 3.923683815276927112e-01 2.375808614203420710e-01
8.800708396305377823e-01 4.533834127193034913e-01 -1.411339728874585198e-01
9.665188052077443581e-01 2.443510468096742050e-01 7.831963421014331850e-02
8.781902323128949472e-01 8.495860227251272878e-02 4.707058017170859254e-01
8.489866133303137774e-01 4.591977645641557304e-01 2.614558153975667931e-01
7.518553963811036578e-01 5.916940975246554046e-01 -2.908806591836196054e-01
8.019786926306240460e-01 5.138666853820229585e-01 -3.045836604628816557e-01
7.866891122816093151e-01 -7.381798267405340064e-02 6.129201791844569591e-01
5.974924094705815758e-01 7.903060494838393124e-01 -1.357172383092371259e-01
9.437872659039394652e-01 -8.081909574250420447e-02 -3.205212480958641863e-01
8.680109292148761035e-01 4.295046863246417823e-01 2.491641049362814941e-01
8.124331920990423006e-01 1.928248922538297605e-01 5.502461897215277231e-01
6.967929409952170472e-01 7.044119132351396306e-01 -1.352163225045192319e-01
9.779824906067101642e-01 2.086619756762403688e-01 3.229237306871240044e-03
9.490751686410282550e-01 2.554348564853631820e-01 1.844162638199398352e-01
8.820407593008470215e-01 4.136662608416125098e-01 2.255755385082882369e-01
6.817376778071587706e-01 7.314218661992815118e-01 -1.599350817247328568e-02
9.686106768434633585e-01 2.457211451718484541e-01 -3.760951369378771891e-02
7.600073549494233971e-01 -1.041191197628288378e-01 6.415200926881362564e-01
6.918885806711375652e-01 6.655778243850543063e-01 2.798148524001840554e-01
9.815048407779708439e-01 -6.802784750927805268e-02 -1.789426150827815587e-01
8.870708145871128991e-01 4.606860730587036823e-01 2.955861968202814008e-02
7.328558807526642793e-01 -1.256198335968204127e-01 6.686867094935741163e-01
5.635770922199558886e-01 8.146472036307129683e-01 -1.368604937210117778e-01
9.102468376873513733e-01 3.985924501087328986e-01 -1.121372070121849085e-01
8.121783981095322957e-01 -6.018773134819973419e-02 5.802962059495057057e-01
7.077077331584264996e-01 7.031486105584738855e-01 -6.878805054258342599e-02
8.603924753335127074e-01 4.833812973932606893e-01 -1.614537386370440974e-01
8.168044329762579325e-01 -7.022614885198534551e-02 5.726244897729686478e-01
8.960908589289865445e-01 3.281506237956835492e-01 2.988952001060154462e-01
7.510462323875368718e-01 5.118083967896492892e-01 -4.171111623921071598e-01
9.415908076164669627e-01 3.286764698820202057e-01 -7.333845620179620106e-02
7.212254302792376892e-01 -9.342021700986298527e-02 6.863720141237975580e-01
7.024026416906614667e-01 6.135165297083824409e-01 3.608711636035273340e-01
9.752280969532101107e-01 1.742390673345483587e-01 1.362751126486667352e-01
9.208786066300935769e-01 2.476739459782173469e-01 3.010651230790382660e-01
9.724806350655598175e-01 -1.071109279644396478e-02 2.327373775601835615e-01
6.654892990773223493e-01 7.425582074199447158e-01 7.570535916863786741e-02
9.391117798841933650e-01 2.905061895962707252e-01 1.835080888925552378e-01
9.433568382216700465e-01 1.192974244766837055e-01 3.095900519939940310e-01
7.579803191077055802e-01 5.808521510901296647e-01 2.967770449670093513e-01
8.207312362938504746e-01 5.706032203008384318e-01 -2.849917110865952605e-02
9.693741683361480899e-01 2.111870519694440673e-01 -1.253545006892720637e-01
8.545096244600024482e-01 1.472224357145466844e-01 4.981353793172111355e-01
8.176277095523588612e-01 5.483545038161944385e-01 1.754772541290142984e-01
9.840756373600348939e-01 1.223132641291310579e-01 1.289752122406416512e-01
9.216619903042801987e-01 3.546822020304686851e-01 -1.572886238453716778e-01
8.308246276812731868e-01 -5.901500637635078567e-02 5.533964826963333472e-01
7.351247075717726176e-01 6.722368112475745061e-01 -8.768884718827427149e-02
8.564002744215719609e-01 2.468452406078399108e-01 -4.534820803073852380e-01
9.621199244830069830e-01 2.683884087717328115e-01 -4.788437062121940480e-02
7.899561557110357235e-01 -9.846355586964160300e-02 6.052059155525065792e-01
5.446970882178197026e-01 8.373358879866686921e-01 4.662287825312319556e-02
9.570389935393384118e-01 2.769591516939749476e-01 -8.584866416062568450e-02
8.748792709684378721e-01 -1.853182318563389996e-02 4.839863972873113540e-01
9.303838693141326388e-01 2.307936967180876930e-01 2.848159498259577038e-01
8.560413632078540669e-01 4.818980725362499440e-01 1.869958078757008313e-01
7.838350815183499076e-01 5.292524961704978548e-01 -3.247989536288857226e-01
8.472078906031278445e-01 1.753487842008495667e-01 5.014893757389906614e-01
7.438837697055180609e-01 6.637807043852846922e-01 7.766668304030419079e-02
9.858070485375730607e-01 -1.626593488833532608e-01 -4.154996118509042546e-02
9.365389757184737762e-01 3.486514489356863367e-01 3.656383616687858273e-02
6.518454310347643332e-01 -1.795633183108754638e-01 7.367866371998678110e-01
9.091898716532459401e-01 -1.192144464370073348e-01 -3.989507401219758997e-01
8.081244020687451401e-01 -2.088585012583682732e-01 5.507386650972867503e-01
9.969895947112645818e-01 -6.497584622958575695e-02 4.230706139898770396e-02
9.739774481792075056e-01 -1.147799707783745266e-01 -1.954315449113439851e-01
9.496459669823991145e-01 -2.815998988552528837e-01 1.373828022671526317e-01
9.371365936493759596e-01 -2.420774159717549445e-01 2.513434493271752834e-01
9.292613652292091020e-01 4.759586058884966719e-02 3.663440311335142696e-01
8.065044675012127406e-01 -1.065196382474035697e-01 5.815531880819050370e-01
8.716045311070467205e-01 1.183707703665218686e-01 4.757035863607730342e-01
9.333051613389309331e-01 -1.628937779081864323e-01 3.200110825220128796e-01
9.760130736845923360e-01 -1.469310815666222403e-01 1.606540919691039904e-01
8.806889219458816642e-01 -3.361919145104221851e-01 3.337094835026682138e-01
8.961095044028687395e-01 1.907903448404190405e-01 4.007328292447713824e-01
8.976407615668936524e-01 -1.425091808664235293e-01 4.170517911991125093e-01
9.275077619592639877e-01 -1.181106302147410386e-01 3.546536768956357610e-01
9.576756178937678721e-01 -4.106531229524510579e-02 2.849053369417356429e-01
8.300808444265317387e-01 1.470805502047674296e-02 5.574490692732839703e-01
9.922474154501266241e-01 -1.201887263703535214e-01 -3.161861138658875192e-02
9.170446958761999667e-01 -1.915425499747136495e-01 3.497720362100321112e-01
9.898015003486428931e-01 -2.740044659294776225e-02 1.397934384514605555e-01
5.856911990568696158e-01 7.885999559762949529e-01 1.872856876045572161e-01
6.403826687453373356e-01 7.609863411711684789e-01 -1.039703136549932766e-01
9.882651333318522857e-01 -1.015767195331124667e-01 1.140797803708765157e-01
9.960190378123545685e-01 -2.725866913105076672e-02 8.487073272073827890e-02
9.790181837242496465e-01 -1.415222270901483337e-01 -1.466112382347136145e-01
8.304616024081585834e-01 1.515419444349697387e-01 5.360676878926223798e-01
9.859701127968500955e-01 -1.486127351886763204e-01 -7.600783914246578288e-02
9.862943769712685382e-01 1.472918313599970441e-01 -7.435400708418823945e-02
9.923728926335013689e-01 1.194378759418482649e-01 -3.050632322514135880e-02
9.905434611965353575e-01 -6.365585909649844332e-02 1.215384016822447372e-01
9.289456052208792114e-01 3.496640309851791750e-01 -1.216352250625209741e-01
9.622380390460574251e-01 2.697496954107330702e-01 -3.651106734422997213e-02
9.559164429533980600e-01 1.895152780962119088e-01 2.242938105687232730e-01
9.815375429594628276e-01 -1.805907649128886405e-01 6.301608833685803934e-02
9.494657385642742975e-01 -3.104718755849808498e-01 4.606545086441129339e-02
9.878830626105662427e-01 -1.540014926765604364e-01 -1.925084051565647408e-02
9.960347081094970134e-01 -2.789419703650071816e-02 8.447942952528664229e-02
9.405915655708686485e-01 1.778678449229615932e-01 -2.892240247963566158e-01
9.959607384085904513e-01 -5.654126820562156014e-02 -6.975164900068897555e-02
9.754789485968862195e-01 -1.315831131517110897e-01 -1.764276202231878088e-01
9.572787300449677739e-01 2.229674610177039829e-01 -1.841275219265500751e-01
9.829134691950734970e-01 1.790710886944836266e-01 -4.259879421623891105e-02
9.984849258251882187e-01 5.159917181039127415e-02 -1.911487296191113905e-02
9.560938735936367339e-01 -3.698412559415507894e-02 -2.907175249804365702e-01
9.238462891493891549e-01 -3.802355576078856464e-02 -3.808703758921261340e-01
9.841024638740538677e-01 1.237901329781666560e-01 -1.273512605915792795e-01
9.767158348475799556e-01 3.999371489976544236e-02 -2.107763761110604817e-01
9.845067441325612290e-01 -1.501952411398156315e-02 -1.747022743208941908e-01
9.978713139351693684e-01 -1.495994789513086475e-02 6.347472555493016699e-02
9.812957304965107541e-01 -8.703094711209392875e-02 1.717099401726391028e-01
9.811510554511000404e-01 -6.624554788557350006e-03 -1.931287696358199024e-01
9.932984934938813293e-01 -1.303439948177893479e-02 -1.148399201189864022e-01
9.813500902299675532e-01 -1.252377016497391304e-01 1.458338729209552875e-01
9.762179749083453872e-01 2.072888969130572412e-01 6.348053782394327826e-02
9.947680787491386400e-01 7.891132106331198715e-02 -6.488045090618922706e-02
8.446545777331797566e-01 5.014095319991609401e-01 -1.874756665137273515e-01
9.716662956012200869e-01 1.646255650784611002e-01 1.695966783731326089e-01
9.951548584842648815e-01 6.346276604234203644e-02 7.509517269051088628e-02
9.070864227713973937e-01 3.822330054939750421e-01 1.763296660656751835e-01
9.526463175913000292e-01 -3.375186669162830860e-02 3.022015967439058981e-01
9.531920999771356096e-01 1.877993370358375380e-01 -2.369730565909930198e-01
9.963107494821241694e-01 -8.565743499361326563e-02 5.262537095624865956e-03
9.316951671395734547e-01 2.772059897128613670e-01 -2.347359256613171519e-01
9.666623154440623367e-01 1.055566359321571529e-01 2.332847284136066179e-01
9.125832208647964849e-01 3.444809536921565329e-01 -2.202833119856708044e-01
9.019296168734202146e-01 3.242748316107921247e-01 -2.852521687741528256e-01
9.918457446657739096e-01 1.254896118640337621e-01 2.223456998933551546e-02
9.836863279817120720e-01 1.264031733556960913e-01 1.279978355577373883e-01
9.479322044150357840e-01 6.028150079130038114e-02 3.127150084265212793e-01
9.975004307376650337e-01 4.517720867201357321e-02 5.433148713939430635e-02
9.433581369893206947e-01 2.281191945818032696e-01 -2.409088176870812781e-01
9.944075652333421722e-01 -1.049418922680941807e-01 1.186564173942148206e-02
9.792765286193438889e-01 1.253245988764462304e-01 -1.590950200719843666e-01
8.594666425096992857e-01 -7.327154351626441464e-02 5.059134029889393869e-01
7.644904363903217703e-01 5.577772377890539701e-01 -3.231701187797977326e-01
9.540764235586584041e-01 2.985459492438966023e-01 -2.466767519609384604e-02
