Event parameters: 20120411d_freqx2_3.flt
      On time
    9255.4800
    9902.9100
   14773.7400
   18390.8400
   19512.0600
   19676.8500
   20067.3600
   23142.2700
   23444.9700
   23523.8700
   23963.4900
   25490.1600
   27000.9600
   28162.7100
   29846.3700
   30447.1500
   33409.9200
   36335.2800
   36354.1200
   36494.3100
   37214.4000
   37906.2900
   38314.8900
   38777.0700
   40785.9300
   41906.7600
   43005.7800
   48058.2000
   48541.8000
   48759.3600
   49297.5300
   51173.2200
   52728.4500
   52757.7900
   53446.6500
   54603.8400
   54671.1300
   55654.9800
   57813.1800
   58087.8600
   58723.5600
   59676.4500
   60652.7100
   61294.8000
   62694.4800
   63358.4700
   63608.8500
   63884.9100
   66122.0100
   68721.8700
   73541.8800
   80967.0900
   82629.3300
   83909.0100
   85847.8800
   87696.1500
   88239.9600
   88387.5300
   88578.2700
   88736.1900
   92270.2500
   94301.7900
   95427.0300
   97147.1700
   97461.9900
   97480.0500
   98278.7100
   98499.9000
   98793.2100
  100090.2900
  102495.0600
  104318.7300
  104705.2500
  106371.3900
  109589.7000
  111886.4700
  112523.5800
  112936.9500
  115825.9200
  116110.6500
  116452.8300
  116673.8100
  116705.7300
  117368.7300
  117396.7500
  118020.3600
  118270.8600
  118746.7500
  119349.1800
  120113.7300
  122337.2400
  129424.1400
  130583.0100
  130872.2700
  130957.8900
  131186.4300
  133046.0400
  133294.3800
  133656.1800
  133725.1500
  133904.7900
  134961.9900
  138124.6200
  139226.8200
  140179.3200
  145245.4200
  147806.0400
  148504.8300
  151080.7500
  155399.0100
  159404.4600
  168281.2800
  172918.7100
  186656.3100
  190178.4300
  190392.1200
  202414.5300
  202981.4700
  204773.0100
  205079.5500
  205772.2200
  205992.7800
  206877.8700
  207083.1000
  207555.3300
  207829.5300
  208664.5800
  209137.8300
  209450.4900
  211637.0100
  212678.7900
  212927.7300
  212971.7700
  214130.4600
  214269.0000
  214827.9000
  215974.5600
  216008.6400
  216303.1200
  216936.3000
  217107.9900
  217442.1600
  217583.3700
  218288.1000
  219246.7200
  219316.5900
  219998.3100
  220951.9200
  222059.3700
  222522.4500
  222585.7500
  222700.4400
  222849.3300
  222994.6800
  225184.4700
  229139.4600
  230116.1100
  230849.1900
  231033.3300
  231240.5700
  234680.1000
  235358.5500
  235535.3400
  236919.8100
  237104.3400
  239142.4500
  241277.1900
  242961.8100
  245963.5200
  248527.8600
  248559.3300
  249059.6700
  249180.2700
  253416.9600
  255320.1300
  258988.2900
  260213.8800
  261144.7500
  261555.5400
  263996.6700
  264159.2400
  264393.5100
  265251.7800
  266148.7200
  266565.6000
  268798.9200
  270028.5900
  271354.0200
  271524.2400
  272087.5800
  272154.1200
  273390.3600
  273792.9000
  275680.3200
  275850.5400
  276002.0100
  276032.6700
  276127.8300
  276469.6200
  276720.0900
  278807.4000
  280224.3300
  280721.7600
  281242.7700
  281716.1100
  282236.3100
  285796.6200
  287473.0800
  287621.2200
  288020.7300
  288037.1400
  288296.7900
  289760.6100
  293286.8100
  299427.9300
  300449.2800
  300589.5900
  302307.8400
  303137.2800
  303265.1700
  304748.0400
  305532.4800
  308058.6300
  308798.7600
  309212.3700
  312215.1000
  315055.8600
  315263.1300
  315426.0000
  315548.7600
  321484.9800
  322217.4900
  322423.5300
  323304.1500
  324854.0100
  325469.9400
  325534.0200
  327437.0700
  328023.4500
  328070.9100
  328931.6400
  331612.7700
  331845.4800
  345227.1900
  355755.7800
  360215.4300
  361269.8700
  365763.9300
  369296.6700
  369307.0500
  369569.4300
  378193.6800
  380495.0400
  381515.1900
  386515.0500
  394518.5100
  394875.6000
  394927.6200
  395241.5700
  396505.2300
  397228.1400
  415749.3900
  422161.7100
  427210.2300
  433996.7400
  434443.2000
  435187.6800
  435856.5000
  436400.9400
  436827.8400
  439320.2100
  439958.5800
  440575.3500
  440788.6800
  442010.4300
  443638.5300
  443744.3100
  448598.1300
  451549.3500
  453523.3800
  454907.7000
  457165.8000
  457974.9900
  459025.2000
  459848.1900
  464498.7900
  466209.9300
  466233.5100
  467067.8100
  467210.0700
  469446.5100
  476644.4700
  478171.9200
  478569.9000
  483064.8900
  484737.7800
  485426.7300
  487697.0100
  487862.1000
  489020.1600
  489548.9400
  491033.2800
  492464.4900
  494992.6500
  497167.6500
  498348.9000
  499059.3600
  499938.8700
  502381.2600
  504927.4500
  505722.9300
  506331.6600
  507585.3600
  508445.6400
  509980.2600
  510330.1800
  510543.4500
  511007.9100
  511845.6600
  512136.6000
  513297.0600
  516655.1100
  516970.7100
  517166.3700
  517800.6300
  519200.1600
  519454.5300
  521412.3300
  521457.9600
  521601.0900
  523738.1700
  524608.0500
  525906.8700
  525967.8300
  526104.6300
  526122.6900
  526311.4200
  528046.5600
  528074.1000
  528094.2000
  530123.2200
  530912.5200
  534229.4400
  534340.9500
  536688.5700
  537160.5600
  538669.5900
  538797.2100
  538822.9200
  540941.8500
  541165.0200
  545517.0000
  545958.2400
  546224.6100
  547789.0200
  550564.4100
  552028.8000
  552180.9900
  555875.6700
  556902.9900
  557722.3200
  560514.2400
  561745.8900
  562972.2600
  565184.7300
  569795.0100
  572048.6400
  578463.5700
  589280.4000
  592735.2000
  594508.6200
