Event parameters: 20120411d_freqx2_3.flt
      On time
   13217.1300
   19181.9100
   19211.2200
   19273.9500
   20642.0400
   23398.7400
   27800.5500
   27983.4000
   29493.5700
   30530.6100
   31295.7900
   32794.4700
   33389.9400
   36360.7500
   36401.2800
   36729.9900
   36864.0000
   39402.6600
   39488.9400
   39498.1800
   39890.1900
   40748.9400
   41087.0700
   43571.4000
   44120.7900
   45608.3100
   47324.9700
   47349.3600
   48599.6700
   48684.8400
   49682.6700
   52135.1400
   52261.1100
   55419.2100
   56622.0300
   56799.5700
   58138.1100
   58301.9400
   58322.1900
   58686.6600
   58736.7000
   58799.4000
   58977.7200
   60728.5800
   60770.2200
   60807.3000
   60829.5900
   60960.1200
   61201.9500
   61382.7000
   62618.6700
   62656.0200
   62826.8400
   62881.1100
   62941.5900
   62972.3400
   63743.5200
   67006.8000
   68425.9200
   68846.3400
   69978.5100
   73435.7700
   73469.6100
   74676.2400
   75200.2800
   75838.5000
   77927.7900
   78608.6700
   79752.4800
   80373.3600
   81150.9000
   81921.9900
   84861.1500
   88229.9400
   89100.8400
   89103.7200
   90116.6400
   90159.8700
   92767.9500
   93102.9900
   93731.7900
   96206.0100
   97710.3900
   97758.9300
  103479.9300
  103535.8500
  103627.5600
  104278.5900
  104827.2300
  106888.2300
  107012.4600
  107194.4100
  108688.4100
  109346.1600
  109890.6300
  110056.6500
  110760.8400
  111622.0800
  111808.0200
  111821.8500
  111901.0500
  111908.0100
  112057.7400
  112181.0100
  112482.6000
  112748.9400
  115729.4700
  115787.6400
  116230.0500
  116687.0700
  117322.4400
  117413.0400
  118563.6900
  119825.2200
  120514.8600
  122127.4200
  123053.6100
  123652.1100
  123749.3700
  128557.7100
  128610.9600
  130139.4900
  132577.9800
  135640.9200
  138100.3800
  138108.0300
  138197.3100
  139932.0300
  139991.8800
  139995.1800
  140111.4900
  140144.6400
  140525.2500
  143097.6300
  145049.3400
  151539.4200
  156417.1200
  156924.6600
  162714.5100
  178646.3100
  182675.1600
  183191.1600
  189331.1100
  191529.8100
  193835.4000
  197140.2900
  198947.4600
  201437.2500
  201494.1900
  201604.5000
  202093.3800
  202488.3300
  202517.2200
  203096.2200
  203643.7200
  204435.0000
  204671.0700
  204788.2800
  205977.3900
  206678.8800
  207434.7900
  208803.5700
  210213.0000
  211304.7600
  212161.4700
  212349.5700
  213016.3800
  217378.1700
  219379.2600
  220522.2600
  222339.6000
  222881.7600
  223002.4800
  227768.4900
  228238.3800
  228523.2300
  231385.6800
  234605.4900
  235557.8100
  239189.7900
  240104.9100
  240794.0100
  243488.7300
  245467.0500
  246082.3200
  246160.0500
  246169.8300
  248756.8800
  250108.2000
  250203.0900
  253669.4100
  255127.1400
  255321.0600
  256724.8500
  259586.6700
  263056.9800
  263500.5000
  265224.5100
  268517.3100
  268627.0200
  269002.1400
  269065.0500
  269829.2700
  270165.6300
  270252.4200
  270311.6400
  271097.3400
  271315.0800
  271664.9100
  272113.1100
  273892.9500
  274027.2300
  274372.9200
  275366.6700
  275755.6800
  276327.5700
  276497.8800
  278271.9900
  278818.2900
  286251.9000
  287051.4000
  287462.7600
  289112.0400
  293203.0800
  294495.3000
  295781.3700
  299484.8400
  299864.0700
  301819.5000
  302222.1300
  302586.4500
  303105.0900
  304479.2400
  305631.7200
  305639.1300
  308843.4000
  309105.2400
  309950.6400
  310642.5600
  311245.0200
  313875.5400
  315457.4700
  316108.4700
  317339.2800
  318867.1500
  320849.6400
  320897.3700
  321314.2500
  321349.8900
  322017.5700
  322199.4300
  324159.0900
  325404.1800
  325481.9400
  325852.3500
  326338.1700
  328243.0500
  333053.6400
  333141.8100
  341849.8200
  342753.8700
  354101.8200
  354979.0200
  356630.6400
  358814.9100
  359427.9000
  384112.1400
  387761.1000
  392522.1900
  393506.4300
  393515.3400
  393626.1300
  393658.5600
  393688.6500
  394922.7600
  395002.8600
  395791.1700
  397733.4900
  398658.5400
  399083.1300
  399177.3600
  399206.8500
  399238.5900
  400075.5900
  419958.9600
  420413.6700
  426593.6700
  427566.1800
  437570.1600
  438186.1500
  438906.8700
  444172.4700
  445798.2600
  446343.6300
  448973.2200
  452374.5900
  452786.4900
  453754.0800
  454720.3800
  454866.7500
  454895.3700
  455309.4000
  455350.7100
  455464.5000
  456341.1900
  458284.9200
  458774.9100
  459067.6200
  462006.9900
  463109.5800
  463655.6700
  464852.1300
  465590.3100
  465594.6300
  465653.2200
  465829.5000
  466588.4100
  466664.7000
  467814.0900
  470233.1400
  470342.6100
  470653.8900
  470798.8200
  473371.3200
  475491.5700
  476281.4400
  476338.7100
  476405.8800
  476429.1900
  476459.5200
  476462.1900
  476553.0900
  476558.5800
  476589.6000
  478207.5900
  478753.5000
  478922.5200
  479318.2800
  480437.1000
  482655.2100
  485378.5500
  487005.5700
  487094.3100
  487097.0400
  487560.2100
  487633.4700
  487744.0500
  488245.9800
  488872.0800
  490307.3400
  490476.6000
  491892.9300
  491967.8100
  493891.5000
  493955.8500
  495095.3400
  496333.5300
  496620.3900
  499695.9300
  500616.2700
  503595.9900
  506238.0900
  508591.9200
  508625.2800
  508657.7100
  508771.7100
  508795.2000
  508880.1900
  509036.8500
  510182.9400
  510258.8100
  512429.2800
  513341.4900
  514429.9200
  514578.3000
  515502.0900
  515623.9500
  516885.0600
  517772.5800
  518977.8900
  519785.2800
  520028.7900
  521253.0300
  522075.4500
  522246.6900
  523361.3400
  524499.1800
  524504.5200
  524680.5900
  525636.6000
  526409.0400
  526545.7800
  526780.2000
  526869.3900
  528779.6100
  528954.1800
  529790.7900
  529900.4400
  530607.6000
  532370.5500
  532863.9300
  533982.0900
  534199.7700
  534870.9000
  534923.7000
  535039.5000
  535049.2200
  536416.6800
  537052.0200
  537252.1500
  538638.1200
  539240.9700
  539418.4800
  539446.8300
  539532.7500
  540789.8100
  540822.4200
  540846.0300
  541350.9000
  541835.4000
  543891.1500
  544066.0200
  545195.8500
  546174.7500
  546279.3000
  546299.4600
  547027.1700
  547511.2800
  548375.5500
  548707.2300
  549674.1900
  550376.2200
  550518.6000
  550643.7000
  551779.9200
  552012.2400
  553867.5000
  556258.6800
  556716.9000
  556976.2200
  557767.4700
  557924.1000
  559855.1400
  560083.5000
  562515.1500
  562776.4800
  565058.4300
  565094.4600
  565146.9600
  565177.5600
  565267.2900
  565339.1700
  568111.7100
  569971.8600
  574800.1800
  585674.9400
  586153.0800
  586497.7800
  587813.0400
  589051.7100
  597363.0000
