Event parameters: 20120411d_freqx2_3.flt
      On time
   11451.7200
   14996.0700
   17626.8900
   18563.0100
   19206.1500
   19832.3100
   21355.2900
   26401.9800
   26515.1100
   26894.3100
   30323.7000
   33759.2100
   35005.6500
   38624.8500
   41372.1300
   46929.9900
   48784.4700
   51378.4500
   52128.5100
   55824.6600
   56373.7200
   61344.4800
   61516.9500
   62034.9900
   62432.7900
   65122.7100
   66916.5600
   69776.3100
   82869.5700
   90720.2400
   97489.5000
   99668.2800
  101632.0800
  106782.6000
  116788.1400
  116861.3400
  117182.2200
  119028.9300
  123044.8200
  135484.3200
  144424.1100
  145115.4300
  149951.4300
  152320.6800
  170483.9100
  187354.4700
  189731.2500
  196296.1200
  197699.2500
  201445.9800
  201937.0800
  203482.1400
  203539.8600
  204625.3500
  205929.6600
  207333.0900
  207397.2900
  209610.0000
  209663.4600
  210991.0500
  211834.1400
  212961.7200
  222295.2600
  228493.8900
  232901.8800
  237103.1400
  251429.6400
  255899.8500
  262895.7900
  266140.6800
  267415.0200
  270089.9100
  272970.0000
  272972.4000
  282181.0500
  285795.2100
  289914.0000
  292388.0100
  292638.9300
  293771.0100
  295748.5500
  295900.0500
  299735.4300
  300387.0300
  300713.9700
  301625.3700
  302777.3400
  304460.9700
  314117.3100
  315451.8300
  320740.2600
  324431.4900
  328524.0300
  338231.1600
  347532.2400
  353569.1100
  357206.2800
  360363.5700
  365452.5900
  368267.1600
  370567.6500
  373150.8900
  378545.5800
  378918.5700
  385567.1100
  393987.4800
  394593.2100
  395079.6000
  409162.7700
  410608.8600
  412999.8900
  414002.3400
  417629.0400
  418608.2700
  421113.5400
  425385.6600
  429219.3900
  433895.8800
  434678.1600
  436263.9300
  437163.2400
  437269.2900
  441708.6300
  444459.1500
  444536.0400
  444831.5400
  445758.5400
  446539.8600
  446831.7300
  448332.3600
  452589.2400
  453018.8400
  459944.3700
  462136.5900
  472452.5700
  472706.8200
  472932.3900
  479115.2700
  485822.4600
  487211.4900
  489089.7600
  489357.3600
  490232.2500
  493450.5900
  493830.0300
  498056.7900
  499658.7900
  504770.7600
  505415.3100
  505492.4100
  509407.7700
  512464.0500
  512653.3500
  518668.9200
  520357.5600
  523746.4800
  524514.0900
  528109.5000
  529774.0500
  533650.9200
  536377.3500
  545571.6600
  546661.5000
  546793.7400
  547958.9400
  549866.5200
  553485.3000
  556670.1900
  557560.4400
  560070.3600
  560795.0100
  560897.8800
  566543.3700
  569937.3300
  588397.5900
