Event parameters: 20120411d_freqx2_3.flt
      On time
    6015.3600
   18852.3900
   19264.9800
   23315.8200
   30897.2400
   31701.0600
   33607.5900
   36772.0500
   38481.2100
   39749.4900
   43575.0000
   45178.3200
   46064.5500
   50121.3000
   50768.8200
   52306.4400
   55941.3900
   58488.3600
   59928.9900
   60996.0900
   61581.4200
   67694.5200
   74300.9100
   75191.8800
   80213.1000
   81496.1700
   82730.5200
   83455.5600
   86126.0700
   89606.9400
   91244.7600
   91353.5400
   94953.2700
   97426.0500
  105897.5100
  115219.8300
  116037.6900
  118223.2800
  120726.7500
  120917.9400
  123278.7300
  126273.1500
  128599.9200
  134132.5200
  134582.8800
  137334.6900
  149822.0400
  157768.2600
  160682.4300
  161098.4700
  161693.0400
  162725.7600
  167554.3800
  172475.4900
  172699.2300
  179465.3100
  181679.0100
  182255.9100
  186883.2600
  193928.3400
  194031.7500
  197542.8300
  200916.5700
  206537.2200
  207248.3400
  208332.4800
  209850.3000
  211442.6400
  212838.7200
  220218.3000
  222684.6600
  226971.4500
  229755.9600
  229855.0200
  234359.1300
  234563.3400
  235723.4100
  235819.1700
  238000.2000
  242284.5900
  245177.6400
  249843.2100
  254365.8300
  261977.4600
  269226.8100
  273090.3300
  279649.0800
  280689.0000
  281194.6500
  283219.4400
  284063.7600
  285953.0100
  286362.3000
  287953.4100
  291133.5600
  294789.8100
  300250.7100
  309755.2500
  313167.3900
  313407.9600
  314157.4800
  314244.1500
  317505.6900
  320478.2700
  321843.9900
  326316.6600
  330220.4100
  334551.2100
  335116.8000
  335187.5700
  343478.3100
  344165.2500
  345192.4200
  345790.8600
  349131.4200
  356438.7900
  357624.8700
  360283.4100
  370181.1900
  374403.3900
  376206.8400
  376428.7200
  377526.0300
  380165.2200
  381124.0200
  385014.8700
  385415.4000
  393362.7300
  399191.1600
  399279.1200
  402726.5700
  406460.8800
  409011.6600
  416600.1300
  417438.1200
  418564.8000
  419843.8800
  421785.9300
  430315.8300
  438027.4500
  442627.7100
  444775.8600
  454205.4900
  458836.8300
  461739.6900
  462073.7400
  464743.2300
  464865.2700
  466110.2400
  466920.3300
  467397.0600
  473688.9600
  477498.4500
  480641.5500
  491875.7400
  491935.2000
  492283.2000
  492303.0600
  492363.5100
  494149.7400
  495678.4500
  496809.0900
  497019.2700
  498849.7200
  498963.7500
  500476.5900
  501115.9200
  502449.9900
  506337.7800
  508233.0900
  511091.2200
  514422.4500
  514776.3900
  517866.3300
  519142.7700
  520971.0300
  521119.7700
  521193.2100
  523612.6800
  523782.6900
  530258.0100
  533161.9800
  536346.3900
  536557.9800
  541934.3400
  543210.1800
  543950.2200
  545187.8700
  545385.2700
  545616.6000
  550414.0200
  554921.9700
  556304.5800
  558168.2400
  561765.0300
  565818.6900
  566986.5900
  569131.6200
  571832.9400
  572459.6700
  574672.7700
  580142.7900
  582980.1600
  584626.4700
  585086.9700
  586804.3200
  590835.0000
  595425.1200
  597166.1100
