Event parameters: 20120411d_freqx2_3.flt
      On time
    8654.4600
   12003.9300
   23247.9600
   26103.9600
   29916.8700
   32956.3200
   32971.7700
   33061.8600
   33382.7400
   33852.7500
   33856.7700
   35707.5900
   36392.1600
   36418.1400
   36429.5100
   36674.1300
   37156.9800
   39588.5100
   42999.1200
   43829.7900
   47591.9100
   48059.4900
   48608.0400
   48641.1600
   49255.6800
   52038.8700
   55449.3300
   57799.2000
   61272.4500
   61593.8700
   62632.2000
   63597.0300
   63712.2600
   68016.9900
   69749.5800
   69785.0700
   69922.6800
   70036.4100
   72385.5900
   74612.4000
   78062.6400
   80008.1700
   82222.4700
   83306.8200
   86202.3900
   86781.4200
   88360.9500
   88648.9800
   89034.5400
   89130.8700
   94277.4600
   95150.2200
   96105.1500
   96391.8300
   97682.5800
  101868.4800
  102239.2200
  104953.1700
  110668.5600
  113021.8200
  115060.6500
  115732.1400
  115739.4300
  116591.1000
  117096.0600
  118055.8800
  118496.1300
  118563.0600
  124333.8000
  128213.9400
  128402.5800
  128530.5900
  130597.7400
  131726.7000
  131876.5200
  134679.7800
  136192.1100
  139946.6100
  139991.1600
  140100.0000
  140127.4200
  140214.5700
  140475.7800
  141000.2400
  141197.0700
  141414.2100
  148327.5900
  154184.5800
  167108.5200
  169330.7700
  170273.7600
  171464.6700
  177435.9000
  178279.2600
  178336.2000
  180394.9500
  185083.7100
  186432.6600
  191940.3000
  192024.0000
  192171.9900
  200182.3500
  201475.4400
  204555.8400
  205898.4900
  206848.4400
  207931.1400
  208460.6700
  211581.6900
  213386.7300
  214101.3000
  214267.8600
  214753.7700
  215237.1900
  216257.4600
  218397.1200
  220399.5300
  220406.8500
  220524.2700
  220622.1300
  220752.9900
  222215.9700
  222952.0200
  226810.8300
  227701.9500
  228947.4900
  229394.4900
  230682.3600
  230916.0600
  231420.8400
  236962.2300
  240819.8400
  244820.3400
  245755.8300
  246165.8100
  246935.0700
  248520.2100
  254302.2600
  255026.0100
  258350.7000
  263248.8900
  263967.3000
  266113.7400
  266174.9700
  267230.0700
  269974.8000
  271666.9500
  272051.5800
  272138.1000
  272946.8700
  273650.1600
  274366.8300
  275738.2500
  275756.9700
  277783.0200
  278194.4100
  279501.3000
  279602.6100
  279978.0900
  280016.1300
  280287.5700
  280334.2200
  280743.3600
  280859.3400
  281226.9900
  281802.6000
  282048.6600
  282257.1900
  283482.8700
  284661.4500
  284770.6500
  285766.1400
  286593.1500
  287056.2900
  289121.9400
  292685.0100
  293089.6500
  293501.4300
  293729.7900
  299370.2700
  300373.5900
  301646.5200
  301698.3000
  302309.0100
  304104.3900
  304634.1600
  304752.6600
  305739.7800
  306363.6600
  307680.8400
  308373.8700
  308729.2800
  310103.9700
  310111.0500
  311093.0100
  311882.5500
  313814.2500
  315242.7600
  317976.7500
  319754.1900
  319767.3900
  320279.9400
  320756.4600
  320762.3100
  320855.3700
  326424.5100
  326427.3600
  330241.5600
  330811.3200
  333033.9000
  333065.4300
  333274.8000
  333392.6700
  333421.7100
  333593.4300
  344972.6400
  358822.4100
  358851.4200
  359233.7100
  361766.3400
  367935.6000
  373076.7900
  376416.1500
  377363.3700
  378470.1600
  379011.9300
  380620.5300
  381571.8600
  393553.6500
  395703.0900
  397056.1800
  397496.5500
  399139.0200
  399161.4600
  399285.3900
  410869.6800
  413820.8700
  418984.9500
  433794.2100
  438451.3500
  443409.0000
  444180.1500
  448719.0300
  454707.5700
  454753.4700
  454962.7800
  455223.7500
  455261.6400
  455280.8400
  456361.5000
  465446.4000
  465575.3100
  465630.7800
  465691.9200
  465752.4900
  466579.5300
  467468.1600
  476296.7400
  476350.4700
  476379.8100
  476386.0800
  476412.2400
  476470.8600
  477866.4600
  487030.7400
  487074.8400
  487078.7400
  487105.8300
  487227.0600
  502765.1400
  506739.8700
  507091.3800
  508874.6400
  509013.9900
  509161.9800
  511455.6000
  511485.9000
  512085.8400
  513239.8200
  513286.3200
  513453.1800
  513593.7300
  513666.2400
  514440.3900
  514491.0600
  515486.5500
  515876.8800
  517718.6100
  518448.6600
  518888.7300
  520028.2500
  521031.4200
  522047.4600
  522500.6400
  523203.0600
  524828.9700
  526518.9900
  526800.4500
  528637.9200
  528776.5200
  529033.4700
  529716.1800
  531465.9600
  531491.9100
  531578.0400
  532632.3600
  532928.5500
  532956.8100
  533816.5500
  533997.6300
  534867.7800
  534935.4600
  535127.0100
  535254.3900
  536065.9500
  537179.1000
  537287.8200
  538358.4000
  539439.1500
  539654.5200
  542800.5900
  542948.4000
  543788.7300
  544170.1200
  550608.9900
  550789.3200
  550861.9800
  551720.9700
  565131.5400
  565197.5100
  565221.3000
  565225.8600
  565373.1000
  565399.0500
  570867.5700
  586266.9300
  587009.7000
  587822.7900
  590586.9600
  590673.6300
  591158.2800
  593041.9200
  593997.7500
  597319.3200
