Event parameters: 20120411d_freqx2_3.flt
      On time
     342.5100
     896.0400
    1426.3200
    1932.2100
    3042.6900
    3903.0000
    4626.2400
    8557.8600
    9778.2300
   10710.9300
   13246.1400
   13903.5300
   14654.0400
   15062.6400
   15905.3700
   17827.2600
   19159.2900
   19420.7100
   19538.8500
   19907.5800
   20958.5400
   22252.9500
   24305.7600
   27847.3500
   28796.1600
   29412.3600
   31915.8000
   33968.4600
   34367.5200
   34833.7200
   35633.2200
   35640.4800
   35978.9100
   36908.9400
   37252.7100
   40534.9200
   42438.4500
   43783.2300
   44033.3700
   44925.8700
   46362.6900
   46547.4300
   46692.4200
   47858.7600
   50042.4000
   50831.9700
   51483.8700
   51976.8300
   53387.8500
   53787.9000
   54000.4800
   54812.9100
   55199.9100
   55241.2800
   55828.5300
   59356.0200
   59703.1800
   59964.4800
   60543.1800
   60822.0000
   61064.6400
   62455.3500
   62624.1900
   64305.2100
   64769.4600
   65065.3800
   68440.2900
   68894.9700
   69830.3700
   71215.9200
   72323.1000
   72718.7400
   74352.1800
   75569.1000
   77722.3800
   79959.3600
   80510.1000
   80663.7000
   80868.0600
   81759.4200
   83129.7300
   83305.2900
   83588.6100
   84908.0400
   85439.6100
   89050.0200
   89471.8800
   90101.5500
   90627.7200
   92867.4600
   93820.0200
   94218.9900
   96462.2700
   97496.9400
   97513.6500
   98250.0000
   98629.2300
  100345.8000
  102618.9600
  102853.4700
  103722.0900
  103760.9100
  106996.3500
  107856.4500
  108536.1300
  109278.3300
  109399.1400
  109450.7700
  109494.7200
  109938.3600
  110678.4600
  110747.5500
  111585.5100
  112033.8300
  112336.1100
  112361.8800
  113246.3700
  113275.5900
  113434.0800
  114340.4400
  114618.6300
  114678.3600
  114868.0500
  114925.8600
  114984.8700
  115062.6600
  115319.8200
  115550.1000
  116284.1400
  118022.9100
  118331.9100
  118943.7300
  120508.9800
  120748.6800
  120891.9300
  121369.1100
  123514.5900
  124465.7100
  126545.9700
  126757.3200
  127260.1800
  127434.2100
  127489.8600
  130667.1900
  130818.5700
  131431.4100
  131774.2500
  132201.0000
  132744.6300
  134363.1900
  135144.9600
  137007.1500
  138009.0000
  138363.5400
  138394.5000
  140086.4700
  141264.2100
  141293.5200
  141892.2000
  141941.3100
  142162.2900
  142212.6300
  143777.4900
  144007.7700
  144322.0500
  145102.9800
  145636.8900
  145922.9400
  146113.6200
  146596.0500
  146969.3700
  149290.2600
  150421.2000
  150984.6300
  151040.0400
  151318.1700
  151550.7900
  151974.6900
  152392.2300
  152493.1200
  153140.4000
  153604.7400
  153781.0200
  154378.9500
  154457.9400
  155454.3000
  156249.2400
  156390.0900
  158339.3400
  160205.2500
  164406.2400
  167669.7600
  168731.9400
  169666.8600
  170292.9000
  171802.3500
  172336.3800
  173449.9200
  174555.2700
  175286.4000
  175344.5700
  175892.7000
  176454.0300
  178216.1700
  178853.8800
  183392.7600
  183760.5600
  184172.1300
  185268.0000
  185358.2100
  187188.5700
  187779.8100
  191111.3400
  193377.6600
  195155.1300
  195304.8600
  196450.0200
  197520.2700
  198611.6700
  198819.2700
  199493.7300
  199563.2400
  200014.4100
  200175.8700
  200376.9600
  200730.6600
  200821.2900
  201438.6900
  201643.2300
  202918.8600
  203910.5400
  203939.3700
  204385.1100
  205302.0300
  205622.3700
  205779.2100
  205848.2700
  205873.0800
  205934.7300
  207088.3800
  207934.9800
  207972.8100
  208542.0300
  211362.7200
  211436.8200
  213050.3100
  213058.1100
  214369.0200
  217371.7500
  217585.8300
  219150.3900
  221010.3000
  221685.2100
  222383.5800
  222553.9200
  222785.6100
  222995.8800
  223025.7000
  223084.9800
  223348.0800
  224009.9400
  225636.6900
  225834.6600
  226538.2800
  227997.8400
  228048.4500
  229788.8700
  230900.0700
  231387.3900
  232055.9700
  232179.8400
  232928.0400
  233012.3100
  233073.9900
  233136.6300
  233191.6200
  233303.1000
  233736.1500
  233997.5400
  234205.8000
  237011.7000
  237191.6100
  237640.9800
  238629.5700
  238849.1100
  239306.9700
  240322.0200
  241106.0100
  241825.9500
  242048.1900
  242645.7900
  242661.9300
  242995.6800
  244001.7900
  244377.6000
  245892.4500
  246040.7100
  247476.3600
  247941.1800
  251595.9000
  252255.3600
  253197.5100
  253665.6900
  253703.5800
  256499.9100
  256908.0900
  258160.4400
  258532.5000
  259047.0300
  259652.2200
  259695.6300
  260794.9800
  265797.5400
  267051.5400
  268075.3200
  269698.7400
  270233.6400
  271064.9400
  271410.3900
  271630.0200
  273348.1200
  273762.9000
  273890.8200
  274677.3000
  275033.1300
  275235.6600
  275709.4500
  275789.2500
  276007.6800
  276839.2500
  277013.1900
  277416.3000
  278424.9000
  278639.6100
  280252.7700
  281927.9100
  282020.1900
  282594.7800
  282670.7100
  282930.4200
  283515.3300
  284203.4700
  285733.3200
  286449.8400
  287975.2500
  288426.5400
  289087.9800
  289198.2300
  289872.5700
  289995.6300
  290192.7000
  291273.9600
  291453.3900
  291893.2500
  292391.5200
  292637.2800
  293929.6800
  294590.2500
  295203.3300
  295248.0600
  295646.3400
  295815.7800
  295999.8600
  296051.2200
  296620.1100
  300080.8200
  300540.7500
  301614.2100
  301865.7600
  302193.0300
  302401.2900
  303079.0500
  303668.3100
  304660.3800
  305045.5200
  305986.9500
  306821.4000
  307849.7700
  308294.5500
  309717.1800
  311228.6700
  313823.5500
  314009.9400
  314352.2700
  316386.3900
  319370.3400
  319695.2400
  320615.5200
  320764.5900
  321206.9700
  321243.6900
  321454.5000
  323001.7500
  325502.4900
  325505.6100
  326331.6300
  326417.2500
  326632.1700
  328897.8000
  330130.0800
  330482.9400
  331239.8700
  331544.5200
  332276.8800
  332539.7700
  332795.2200
  333059.6400
  333241.9200
  333358.8900
  333472.3800
  333498.9600
  334200.5700
  334487.9400
  335164.3500
  335190.4500
  335249.9100
  336348.8700
  336577.7100
  337209.1200
  337299.9900
  337391.5500
  337506.4800
  338129.2800
  338479.4100
  339077.6100
  339162.9600
  339512.1000
  339749.8500
  340031.3100
  340403.0700
  340957.1400
  341329.6500
  342038.1300
  342236.9400
  342929.2800
  343322.9400
  343497.3600
  344603.5800
  344637.5700
  345200.9400
  345287.1900
  345397.0500
  346635.7200
  346781.1000
  346921.8900
  347501.0400
  347615.6700
  347704.1700
  347812.5900
  347965.7700
  348005.2200
  348117.3300
  348431.2200
  348778.2000
  349272.4800
  351816.4800
  352095.9900
  352741.4400
  353132.6700
  353586.6900
  354045.8700
  354075.1800
  354096.0000
  354380.5500
  355896.3900
  356396.9400
  356570.0700
  356656.8900
  356697.0000
  356722.8300
  357076.8000
  357694.4700
  358114.7400
  358419.1800
  358731.0900
  359047.8900
  360828.9300
  361674.4500
  361843.6500
  362546.7900
  363348.3300
  363498.8400
  363693.1500
  363748.5900
  364375.1100
  365094.8400
  365709.8400
  365969.4900
  366074.0100
  366151.5000
  367099.2900
  367845.6600
  368561.0100
  368853.3900
  369068.0400
  369124.1100
  370307.3700
  370730.6400
  371016.7200
  371483.4900
  371828.6400
  373806.2100
  379985.0700
  384086.9400
  384907.9800
  385634.4900
  387522.0000
  389292.6600
  389843.5200
  390217.1100
  390591.7500
  391050.1800
  391986.1200
  392493.7500
  392746.0200
  392910.3900
  393110.9100
  393774.8400
  393943.6500
  394130.4000
  394314.0600
  395227.2600
  395695.1100
  397256.6400
  397564.8600
  397638.3900
  397653.2400
  397711.8300
  398290.1100
  398838.6000
  399216.6900
  399427.3500
  400586.7900
  400984.1400
  401812.1400
  401983.4700
  403129.2900
  404095.8300
  405060.1800
  407002.3200
  407134.3500
  409621.5900
  410093.2500
  410115.0600
  411207.9300
  411661.3800
  411800.8200
  411968.4000
  412200.5100
  412320.3300
  413956.0500
  415107.2100
  416393.1300
  416783.6100
  416840.1000
  417568.1400
  419058.9600
  419283.7500
  419731.2900
  422104.3500
  425338.8000
  428474.0400
  428782.3500
  430387.3500
  431165.6700
  432264.2400
  432729.5100
  433851.7500
  433875.6900
  434254.0200
  434284.6200
  435081.1200
  435914.9400
  437484.5400
  438579.9900
  441115.1700
  442139.2200
  442287.4500
  443971.7700
  444569.6700
  444888.0300
  446526.2400
  446768.1300
  447585.3900
  450448.4700
  450457.4400
  455807.1600
  457776.4200
  459904.0500
  466180.6200
  466334.1000
  468123.2100
  469155.3600
  469551.4800
  470909.0400
  471178.8600
  471192.1800
  472652.9700
  472861.2300
  473718.6300
  474037.0200
  474914.6100
  475487.9100
  475997.4000
  476525.9100
  476814.6600
  480568.5900
  481643.0100
  482928.6600
  483271.7100
  484098.4800
  486950.4300
  487102.2900
  487777.6200
  487822.8000
  492968.7000
  493577.5200
  494694.1200
  495432.0600
  495793.4100
  498096.4500
  498793.0800
  499692.5700
  501194.2800
  503294.6700
  503631.8400
  504789.9900
  504882.7200
  505477.2900
  508903.1100
  509835.8100
  510125.7300
  510143.6400
  510250.7400
  511229.1900
  511259.6700
  513699.2700
  514101.2400
  514242.3000
  514427.7000
  514508.5500
  514539.5400
  514951.4100
  515236.2300
  515836.0500
  516435.6900
  516718.2000
  517281.7800
  517299.1200
  517734.9900
  517937.4900
  517986.6300
  519735.6000
  521056.1400
  521465.3700
  521770.0200
  521869.7100
  521992.8600
  523274.5200
  523997.3700
  524818.2300
  525555.3900
  525592.5900
  525639.6300
  525803.5800
  525977.7900
  528015.1800
  528694.7400
  528723.4800
  529094.7900
  529706.1000
  529967.4000
  531744.7500
  531881.0700
  533974.9800
  534106.5300
  534168.0600
  534270.8700
  534393.5400
  535392.2100
  536212.8300
  537502.8600
  538029.2100
  538144.0800
  538386.0000
  538910.6400
  539386.2000
  540748.1400
  540797.1900
  540800.6700
  541280.9400
  541321.3800
  541770.2400
  541938.3000
  542819.1000
  542853.7500
  542893.5900
  543099.6300
  543223.2600
  544093.8300
  544360.7400
  544953.6600
  545601.2400
  547643.2200
  547698.2100
  548127.6300
  548676.1200
  549310.4400
  549383.5200
  549629.6700
  549785.3400
  549887.4300
  549999.6300
  550164.7200
  550217.4000
  550859.2500
  551856.5700
  551891.8500
  551948.4600
  552410.1000
  554309.8800
  558533.2500
  559111.4100
  559933.8600
  560513.0700
  560778.0000
  561757.1700
  562345.0500
  563779.5000
  564331.6200
  564561.0300
  565159.8900
  565418.5500
  565450.7100
  566273.7000
  566581.8900
  566923.1400
  567590.3400
  567731.2800
  567766.3500
  567942.4800
  568230.4200
  569066.6100
  569214.0600
  571226.0100
  571606.2300
  571720.9200
  571825.5900
  571931.7000
  572601.4800
  574342.2900
  575450.4900
  576959.1300
  577215.3000
  577377.8400
  578637.7800
  579836.4900
  580155.8400
  580369.2000
  581928.3300
  582516.5400
  583485.2100
  584391.6000
  585236.8500
  585946.3800
  586118.5800
  586379.0100
  587651.9400
  588919.4700
  589799.4300
  590351.5800
  590379.0600
  590527.2300
  591700.2300
  591744.9600
  591853.0200
  592196.3700
  593205.9600
  593513.6400
  593600.6100
  595455.6000
  596163.1800
  596218.6800
  596643.9000
  596755.5300
  597619.8300
