Event parameters: 20120411d_freqx2_3.flt
      On time
      43.3500
     236.1600
     289.8000
     649.8900
     823.3200
     894.4500
    1087.9800
    1233.1500
    1397.2200
    1946.2800
    2155.5600
    2404.3800
    2563.4100
    2644.9500
    2696.2500
    2849.3700
    3123.2100
    3353.3400
    3970.1700
    4419.3300
    4589.8200
    4799.6100
    5001.8700
    5182.0800
    5748.9900
    5771.1000
    5816.2200
    5956.8300
    6355.0800
    6566.4900
    6609.8400
    6822.1800
    6998.2800
    7289.6100
    8227.8000
    8296.0800
    8363.5500
    8595.5700
    8635.9200
    8928.3000
    9581.6100
    9739.0500
   10499.7900
   11023.9500
   11238.8700
   11579.1900
   11635.7400
   12038.4000
   12252.0600
   12276.6000
   12570.1800
   12656.6400
   12742.1400
   12948.7200
   12986.3400
   13243.9500
   13361.7900
   13893.6600
   14092.2900
   14323.8300
   14350.4100
   14572.7700
   14669.7600
   14742.7500
   14819.7900
   15066.6300
   15402.9000
   15736.8900
   15770.1000
   15968.2200
   15973.6500
   16161.6000
   16248.6300
   16490.8800
   16528.8000
   16536.0600
   16655.9400
   16730.9100
   16786.0200
   17216.2500
   17438.0700
   17493.4200
   17753.2500
   17784.4500
   17954.2200
   18216.1500
   18325.5600
   18360.2400
   18452.5800
   18692.3100
   19023.3900
   19065.3600
   19578.3300
   19834.6200
   19893.4500
   19995.9000
   20332.7400
   20358.8100
   20553.6000
   20685.2700
   20709.0900
   20766.2100
   20841.4800
   20895.1200
   21050.5500
   21335.2800
   21529.3500
   21575.1300
   21704.4900
   21745.2300
   21768.0000
   21830.7300
   21891.3900
   22018.6500
   22030.8300
   22168.7700
   22463.2200
   22730.8500
   22783.1400
   22787.1000
   22825.0800
   22910.7300
   23234.8200
   23252.8800
   23490.1800
   23577.1500
   23601.7500
   23824.5600
   23988.5700
   24146.6100
   24505.2900
   24553.6800
   24641.9700
   24861.6900
   24898.0200
   24946.4700
   25021.1700
   25103.7900
   25212.7200
   25324.6800
   25391.1900
   25596.3900
   25643.7600
   25806.5100
   26019.5400
   26065.4100
   26470.7700
   26563.5900
   26608.0500
   26665.5900
   26817.5400
   27422.4900
   27891.3000
   27945.9300
   28037.3400
   28647.4800
   28717.8000
   28928.4300
   28996.7100
   29204.9700
   29264.8800
   29773.0200
   29811.0900
   29911.8600
   30592.1100
   31019.0100
   31148.6400
   31594.6500
   31966.4700
   31972.1400
   32106.8100
   32122.2000
   32241.9300
   32592.9000
   33001.4700
   33259.6500
   33502.1700
   33632.7600
   33919.5300
   34346.5200
   34473.9600
   34536.3300
   35390.2500
   35814.9600
   35842.4100
   36071.3100
   36099.9900
   36289.1100
   36608.0700
   36877.7700
   36897.9900
   36968.2500
   37162.5900
   37297.9500
   37334.5200
   37391.0400
   37489.5900
   37541.3400
   37735.8900
   38168.5200
   38331.6600
   38517.7200
   39058.5900
   39301.2900
   39711.7800
   39915.7500
   40018.4100
   40078.0800
   40117.6800
   40389.6600
   40469.4000
   40493.2500
   40632.5100
   40659.8400
   41048.6100
   41139.5100
   41413.5900
   41451.8700
   41469.9900
   41480.1600
   41650.7700
   41698.0200
   41755.4100
   41849.9400
   41974.3200
   42014.0100
   42192.0000
   42514.4400
   42637.0800
   42643.4400
   42977.9700
   43155.9900
   43287.1800
   43624.8300
   43709.8500
   43791.6600
   43957.8000
   44036.0100
   44175.1500
   44185.2600
   44416.5900
   44517.4800
   44796.0900
   45003.2100
   45156.9300
   45263.8500
   45438.0600
   45706.2600
   45807.2100
   45915.2100
   46167.6300
   46202.1600
   46274.5500
   46398.6300
   46668.7800
   46813.9500
   46873.1100
   47785.2900
   47813.7000
   47880.1500
   48248.7900
   48448.0500
   48605.4600
   48914.5800
   49401.8400
   50297.1000
   50529.1200
   50553.5400
   50631.2100
   50881.2900
   51126.2100
   51716.4000
   52232.1900
   52473.1500
   52527.3300
   52933.9800
   52991.4300
   53228.9400
   53346.0600
   53647.5000
   53675.7300
   53768.7900
   53812.1700
   54141.6600
   54616.9800
   54722.3400
   54753.1800
   55040.4000
   55386.3900
   55559.5200
   55721.1300
   55809.2100
   56054.3700
   56161.9500
   56426.2500
   56453.2800
   56535.5400
   56798.4300
   56951.3400
   57416.2800
   57816.3600
   57855.5700
   58132.2000
   58202.9100
   58509.2100
   58717.9800
   58860.0900
   59054.8200
   59536.2300
   59637.5400
   59749.0500
   59826.5700
   59941.1100
   60059.6400
   60122.9400
   60509.9100
   60703.6500
   60748.7400
   60904.2300
   61454.1600
   61953.4800
   62045.0700
   62237.6100
   62265.8100
   62516.8500
   62639.4600
   62673.2100
   63090.3600
   63229.8600
   63332.3100
   63720.9000
   63837.9000
   63983.7900
   64348.5300
   64544.1000
   64649.5200
   64736.4300
   65176.1700
   65193.6000
   65506.4100
   65552.8500
   65604.6000
   65899.0800
   65955.4800
   66246.1200
   66458.2800
   66578.7600
   66716.6100
   66857.4300
   67059.9000
   67143.9900
   67333.5300
   67537.1100
   67927.6800
   68021.8500
   68230.2900
   68289.8400
   69031.5600
   69161.1600
   69304.0200
   69387.6000
   69563.5800
   69642.2700
   69793.6800
   69944.7900
   70260.8100
   70479.3000
   70497.7200
   70702.7700
   70775.5800
   71206.4100
   71375.1600
   71454.6000
   71480.6400
   72203.6100
   72205.9200
   72321.4200
   72459.4800
   72495.2700
   72595.2600
   72704.1600
   72796.8300
   72879.8400
   72914.4300
   73289.5800
   73539.0600
   73565.6400
   73910.8800
   73983.6900
   74080.6800
   74242.1400
   74585.8800
   74924.6100
   75521.7300
   75742.1700
   75921.9600
   76005.8700
   76269.2100
   76300.8600
   76326.6600
   76507.5600
   77223.9000
   77269.5600
   77303.0100
   77521.7700
   77562.1200
   77579.3400
   77848.0800
   78000.6600
   79405.3200
   79463.3400
   79985.5800
   80333.1300
   80367.5100
   80695.2900
   80767.6500
   80838.2400
   81044.4000
   81277.4700
   81301.5600
   81368.3400
   81710.2200
   81736.1400
   81823.4700
   81902.5800
   81977.9700
   82015.3500
   82316.6700
   82452.1800
   82493.1300
   82520.8800
   82707.6900
   82777.6800
   83215.5000
   83292.4500
   83532.2700
   83760.2400
   83942.5500
   84138.9000
   84974.3100
   85001.0700
   85029.5100
   85179.4800
   85227.6600
   85624.6800
   85764.5100
   85807.5900
   85922.1000
   86197.5300
   86401.4700
   86445.3600
   86470.4700
   86517.3000
   86558.4600
   86727.7500
   87111.4500
   87154.4400
   87581.1000
   87734.5500
   87827.1900
   88214.9400
   88675.7700
   89153.3100
   89177.6700
   89522.9700
   89860.4400
   89907.0600
   89985.6300
   90179.3100
   90226.8000
   90360.1500
   90441.9000
   90507.0000
   90849.9600
   90879.7200
   91029.6300
   91151.6100
   91593.8400
   92483.3400
   92765.4000
   92856.1500
   93066.4500
   93715.0800
   93766.7400
   93822.6300
   93859.4100
   94160.6400
   94494.8700
   94699.1400
   94818.0000
   94875.6900
   95084.1600
   95198.4000
   95589.1500
   95682.6000
   95703.0300
   95927.8800
   96264.1800
   96474.0600
   96556.6200
   96718.9800
   96784.1100
   96809.5200
   96889.7400
   97888.5900
   97963.4400
   98247.7800
   98438.7300
   98625.6000
   99043.0800
   99227.3700
   99307.4400
   99730.6200
   99921.5700
  100076.1600
  100093.8000
  100248.1200
  100304.2800
  100585.8300
  101509.9800
  101637.2400
  101939.7600
  102122.3100
  102270.0900
  102300.0900
  102978.9000
  103113.2100
  103278.2700
  103845.6300
  103946.3400
  103972.8900
  104523.6900
  104600.4300
  104775.7800
  104853.4200
  105057.8100
  105301.2000
  105440.3100
  105540.4800
  105995.7000
  106040.9700
  106125.8400
  106165.7400
  106249.6500
  106426.1100
  106755.0000
  106878.1200
  107168.1000
  107498.2800
  107733.6900
  107868.4500
  107924.3400
  108095.4600
  108469.3200
  109202.4300
  109349.5800
  109422.3900
  109540.9800
  109735.6800
  109760.2500
  109822.2300
  110113.4100
  110262.7500
  110683.7700
  111002.9700
  111052.2300
  111118.6200
  111499.2300
  111798.0000
  111931.8900
  112109.4900
  112143.0900
  112370.4000
  112558.7100
  112699.5300
  112943.3700
  113001.6300
  113113.2000
  113257.0200
  113763.1500
  113846.1600
  114000.9000
  114333.5100
  114881.9400
  114912.6000
  114947.8800
  115328.3400
  115351.8900
  115385.4000
  116396.9100
  116531.1900
  116602.5000
  116666.0700
  116791.6500
  117109.5300
  117506.3100
  117642.1500
  118453.7400
  118577.1000
  118700.2500
  118918.0800
  119000.3700
  119097.7500
  119119.2900
  119277.0900
  119355.6000
  119421.9600
  119893.2300
  119974.9800
  120157.8600
  120195.0000
  120386.2500
  120673.8900
  120821.1600
  120859.7100
  121017.8700
  121082.5200
  121298.3700
  121340.2200
  121601.1300
  121733.3400
  121818.6300
  121862.6400
  122060.0400
  122187.9900
  122768.9400
  123008.7600
  123139.7400
  123228.9600
  123411.6600
  123468.9900
  123802.1700
  124054.1100
  124086.3300
  124402.5000
  124532.5800
  124577.1000
  124774.4700
  124972.8600
  125226.8700
  125829.2100
  125864.7000
  125902.8900
  126125.3100
  126229.3800
  126555.8700
  126841.3500
  127040.3700
  127173.6900
  127372.5000
  127427.4900
  128029.0200
  128592.3300
  128987.6100
  129283.5000
  129768.1500
  129809.5200
  130346.8800
  130556.5200
  130623.0300
  131009.8200
  131033.6100
  131077.3800
  131204.0400
  131456.0700
  131610.8700
  131643.5700
  131716.9200
  131904.9000
  132097.2900
  132123.7500
  132234.9300
  132287.9400
  132552.4200
  132698.5200
  133027.8000
  133095.0300
  133186.2900
  133290.1500
  133489.3200
  133574.9400
  133668.9300
  133780.5900
  134239.7100
  134350.2300
  134510.7000
  134840.0400
  135240.2700
  135489.2700
  135730.2900
  136087.6500
  136549.3200
  136746.3900
  136778.7300
  137004.5700
  137407.8000
  137593.3500
  137757.2100
  137884.2600
  137912.5800
  138030.7500
  138688.2600
  138739.0500
  138974.2500
  139101.4800
  139132.3500
  139207.4400
  139679.4600
  140251.5600
  140409.0300
  140546.7000
  140773.2300
  141301.6800
  141333.3000
  141487.7100
  142099.4400
  142189.9200
  142231.3500
  142637.9400
  142664.1600
  142878.5400
  143223.4800
  143364.3000
  143938.4100
  144209.7300
  144564.0000
  144715.3200
  144765.6900
  145213.5300
  146237.1600
  146464.4100
  146569.4100
  146594.1900
  146666.4600
  146909.7000
  147204.0300
  147407.9100
  147538.4100
  147712.3200
  147969.6600
  148001.8800
  148297.3800
  148361.0400
  148478.4900
  148554.3600
  148803.5700
  148833.6000
  148934.9700
  149147.8800
  149210.0700
  149376.0000
  149748.7200
  150478.1100
  150662.7600
  150732.0300
  151078.0500
  151231.9200
  151580.4900
  151756.5900
  152576.4900
  153051.0600
  153159.8100
  153306.9900
  153540.3000
  153688.0500
  153817.5600
  153968.7900
  154229.9700
  154270.9800
  154354.9200
  154407.1800
  154606.9200
  154749.5700
  155219.5500
  155493.4200
  155823.7800
  155942.4300
  156519.7800
  157347.3900
  157425.3900
  157980.2400
  158220.8400
  158478.3900
  158506.1100
  158651.6400
  159150.7500
  159511.2300
  160600.2600
  161331.0900
  162016.3800
  162118.8300
  162158.2200
  162270.4800
  162295.0200
  162509.3400
  162586.6800
  162763.5000
  162833.1600
  162909.1200
  163015.9200
  163265.6400
  163318.5900
  163406.8800
  163567.8000
  163657.9200
  163848.8400
  163940.8800
  164013.8700
  164173.2000
  164667.4800
  164708.0700
  164843.1600
  165062.8200
  165252.7200
  165334.3800
  165396.0900
  165599.2500
  165745.7400
  165776.3700
  165822.9000
  165874.1700
  166915.6500
  167398.9500
  167622.2700
  167714.1600
  167881.1700
  167967.8100
  168097.5600
  168230.5500
  168420.3600
  168796.9200
  169087.6800
  169262.6100
  169334.2200
  169824.2700
  169853.5500
  169992.9900
  170303.6700
  170431.4100
  170560.8900
  170679.0000
  170796.6600
  171002.9400
  171396.8100
  171460.9800
  171565.9800
  171760.4700
  171995.3700
  172043.5800
  172143.7200
  172207.3200
  172771.4700
  173289.6000
  174010.3800
  174190.0800
  174430.1100
  175032.4800
  175130.1900
  175253.2800
  175420.9200
  175470.6900
  175564.3500
  175614.4200
  175793.0400
  176149.7700
  176396.0100
  176690.1900
  176858.4000
  176945.9700
  177199.1700
  177222.7200
  177272.0100
  177698.5800
  177856.4400
  177920.7900
  178044.6600
  178141.3500
  178479.4800
  179118.9900
  179206.2300
  179375.7300
  179411.5200
  179671.0200
  179924.2500
  179964.7200
  180201.7500
  180252.5700
  180350.0100
  180629.2800
  180759.9300
  181037.2800
  181212.9000
  181257.3600
  182694.1500
  182760.3600
  183126.2100
  183705.7200
  184076.7300
  184502.6400
  184623.0000
  184794.0600
  185001.5700
  185394.0300
  185828.7600
  186018.7500
  186126.0300
  186287.1600
  186985.2300
  187423.7700
  187718.4300
  187809.2400
  188084.1600
  188244.6900
  188694.0300
  188857.4700
  189313.8900
  189415.2900
  189606.2700
  189784.5000
  189893.5500
  190017.3900
  190077.9900
  190259.8200
  190447.0200
  191293.6200
  191434.4700
  191543.2200
  191856.1800
  191917.3500
  192723.8700
  192975.9300
  194368.5300
  194455.2900
  194736.3000
  194787.5100
  194957.1000
  195176.9700
  195219.7500
  195386.0100
  195591.0300
  195745.3800
  195891.7800
  195951.6900
  196382.9100
  196822.2900
  196978.4400
  197439.8700
  197605.7400
  198326.1300
  198473.4900
  198548.7300
  198933.6000
  199063.9200
  199101.6600
  199146.4800
  199188.5400
  199292.2800
  199526.2200
  199760.1300
  201337.8300
  201571.5900
  201697.5000
  202664.6100
  202828.2900
  202849.8000
  202952.9100
  203439.5100
  203906.3100
  204320.8500
  204716.2800
  204872.9700
  205199.8500
  205266.8700
  205305.7200
  205468.5900
  205604.2500
  205714.9500
  206197.7100
  207473.4300
  207643.3500
  207997.1100
  208004.3100
  208034.6100
  208195.9200
  208316.8200
  208618.4100
  208978.8000
  209409.4800
  209481.6900
  209844.8100
  209846.6700
  209989.2000
  210068.9400
  210156.1200
  210449.1900
  210966.8700
  211076.1600
  211374.1500
  211832.3400
  212201.0400
  212226.1500
  212628.6600
  213084.1800
  213334.3200
  213420.4200
  213656.1000
  213906.1500
  214012.4100
  214141.0200
  214177.0800
  214221.5700
  214696.4700
  214876.8000
  214900.6500
  214985.3100
  215448.6900
  215823.1500
  216261.0900
  216441.1500
  216620.4300
  216710.9400
  217340.1900
  217544.3400
  217829.7000
  217929.6600
  217967.8500
  218207.7600
  218922.9600
  219077.1300
  219364.0200
  219418.6800
  219451.7100
  219689.4600
  219746.4900
  220003.3800
  220082.0700
  220585.5900
  220699.6800
  221200.2000
  221241.5700
  221454.0000
  221837.8800
  222047.1000
  222276.1500
  222301.8900
  222455.9400
  222711.6300
  222957.5400
  223099.0800
  223133.9700
  223447.2300
  223542.9600
  223738.9500
  223877.8200
  224271.4500
  224345.6700
  224550.4800
  225171.9900
  225318.8100
  225420.3300
  225708.0600
  225779.3400
  225957.6300
  226590.2400
  227274.7200
  227297.6700
  227354.3400
  227933.4300
  228113.4600
  228371.9700
  228597.6000
  230104.5000
  230423.0400
  230493.3900
  230598.9300
  230816.3700
  231012.3900
  231139.5000
  231361.9800
  231646.5000
  231890.3400
  232170.6000
  232392.8100
  232671.5100
  232926.2700
  233010.7200
  233586.6900
  233688.6900
  233843.7300
  234312.3900
  234474.4500
  234757.1400
  235241.1600
  235649.6700
  236114.8200
  236382.0900
  236451.0900
  236829.5100
  237205.7100
  237373.9800
  237510.7500
  237571.3200
  237652.7700
  237884.6100
  238114.1400
  238229.1300
  238343.5500
  239010.0300
  239200.0800
  239371.9800
  239532.9900
  239559.5100
  239874.9600
  239964.8700
  240070.5900
  240184.3800
  240453.3300
  240642.0000
  242173.7700
  242380.5300
  242691.9300
  242769.0300
  243168.3900
  243310.5300
  243481.1100
  243655.7100
  243744.2100
  243975.9000
  244132.3800
  244290.9900
  244464.0300
  244660.4100
  245084.4600
  245543.2200
  246071.7000
  246153.9600
  246575.9700
  246646.5600
  246749.8800
  246912.4500
  247015.5300
  247250.0100
  247437.4800
  247687.8300
  247767.3000
  247944.5400
  248152.7400
  248812.2000
  248950.7700
  249088.0200
  249201.3300
  249414.6300
  249713.4600
  249991.2600
  250117.5300
  250558.8000
  251114.4600
  251782.5600
  252024.1200
  252295.0500
  252420.4800
  252583.4100
  252742.3800
  252837.5700
  252966.6000
  253031.4900
  253110.7500
  253229.6400
  253324.2600
  253456.4100
  253609.5600
  253749.3300
  253927.6500
  254120.0100
  254503.5300
  254643.1500
  254818.0200
  255065.3400
  255305.5800
  255854.4900
  256163.5800
  256187.2500
  256445.2500
  256501.8900
  256767.6600
  256998.6000
  257049.8400
  257145.2700
  257606.7000
  257887.1700
  258101.0100
  258381.1500
  258606.9000
  258914.9700
  259067.7600
  259384.6200
  260184.2100
  260493.4800
  260764.5000
  260963.7600
  261206.7300
  261910.2300
  261940.1100
  262213.2900
  262891.9500
  262953.8100
  262986.1200
  263179.2600
  263213.4900
  263242.5000
  263383.2900
  263646.3600
  264124.1400
  264283.6200
  264813.6300
  264912.9600
  264967.8000
  265279.2600
  265818.0000
  266048.6100
  266586.2400
  266665.3200
  266769.3000
  267041.1000
  267144.6000
  267747.9600
  267777.9300
  268188.4500
  268237.6200
  268527.5400
  268684.3800
  269083.2300
  269159.1300
  269308.4700
  269412.8700
  269475.3300
  269762.1300
  270128.9100
  270208.2300
  270656.4000
  271055.7900
  271440.6000
  271699.9200
  271896.3900
  271962.7200
  271982.4000
  272034.3900
  272055.7500
  272242.5900
  272486.6100
  272649.9600
  272737.3200
  272843.0700
  272923.0800
  273362.9100
  273507.3900
  274199.9400
  274307.4000
  274604.7000
  274850.9400
  274896.5400
  275156.8200
  275406.1500
  275435.1300
  275638.8300
  275640.4200
  275829.6300
  276442.1700
  276828.7800
  277151.0400
  277230.9900
  278291.1600
  278361.5700
  278835.5700
  278909.1900
  278972.7900
  279032.8500
  279158.2200
  279319.7100
  279445.5300
  279504.3900
  279758.2500
  279938.7300
  280130.7000
  280419.7200
  280559.4900
  280591.8000
  280817.5200
  281514.9900
  281791.7700
  281887.2300
  282198.7500
  282615.3900
  282724.5900
  282956.9100
  283149.6000
  283299.9300
  283367.2200
  283715.7300
  283927.5300
  283993.4700
  284023.5900
  284209.8900
  284264.6100
  284824.9800
  284874.3600
  285064.9200
  285172.8600
  285221.4300
  285297.0600
  285486.4500
  285544.8600
  285610.7100
  285912.2100
  286687.1700
  286722.0900
  286954.1400
  287340.7800
  287823.9600
  287924.1300
  288030.6900
  288283.9500
  288325.3200
  288470.8500
  288571.9500
  288675.3600
  288852.1500
  288970.7700
  289185.6900
  289227.5400
  289323.2400
  289847.7300
  289940.1600
  290103.0600
  290436.8700
  290689.5300
  290699.3400
  291251.4900
  291536.6400
  291666.6600
  291723.3900
  291865.6500
  292186.2600
  292523.1900
  292968.7500
  293122.5600
  293223.5700
  293585.1000
  293621.7900
  293876.7900
  293900.6100
  294121.4100
  294287.0400
  294415.0200
  294605.3400
  294882.5700
  295305.6900
  295348.3800
  295464.3300
  295667.7300
  296037.2700
  296142.0600
  296302.2000
  296417.0700
  296862.2100
  297790.6500
  298107.5700
  298171.2300
  298331.3700
  299310.9300
  299348.0100
  299366.7900
  299423.7600
  299648.2800
  299818.4700
  300063.5100
  300174.1500
  300693.6900
  300772.5900
  300806.7900
  300841.8000
  301696.4700
  301730.6400
  301880.0700
  302159.2800
  302509.3500
  302985.9600
  303424.1400
  303567.9000
  304508.0400
  304656.3900
  304677.6000
  304803.8700
  304823.9100
  304893.6300
  305566.3800
  305650.4700
  305827.0800
  305978.6100
  306191.1300
  306591.2100
  306861.9900
  307087.6500
  307254.8100
  307327.7400
  307557.5100
  307788.6600
  307873.9200
  307898.7600
  308018.9100
  308353.6200
  308664.5400
  308742.1200
  309121.9500
  309421.8000
  309946.0200
  310597.0800
  310856.7300
  310938.6600
  311007.3300
  311285.2800
  311784.6300
  311885.8800
  312203.0700
  312401.9700
  312711.4200
  312770.3100
  313386.9000
  313691.6100
  313880.3700
  314362.5000
  314739.4200
  314951.6400
  314989.5900
  315048.6900
  315212.4900
  315237.2400
  315424.6800
  315803.2200
  316054.1100
  316283.2800
  316326.0600
  316557.1800
  317077.1100
  317131.0800
  317711.2200
  317932.9800
  318217.2900
  318364.3800
  318438.9600
  318695.4900
  319176.2400
  319430.2800
  319816.7100
  319895.3700
  320523.7500
  320568.4800
  321091.4400
  322012.3800
  322087.1700
  322336.6800
  322376.6700
  322434.6900
  322926.2400
  323045.9700
  323438.8200
  323597.4600
  323818.5300
  324503.8800
  324733.1100
  324798.0300
  325184.1600
  325580.4300
  325971.5100
  326111.5500
  326233.8300
  326301.3000
  326656.1100
  327279.2400
  327519.0300
  327737.9100
  328627.9500
  330146.5800
  330345.7200
  330635.1300
  330940.8300
  331347.8400
  331426.9200
  331679.6700
  332718.8100
  332805.1500
  332905.6800
  332988.6000
  333115.3800
  333293.9700
  333342.1200
  333626.7600
  334006.8900
  334257.7800
  334519.8300
  335402.1900
  336131.0700
  336323.3700
  336361.2300
  337555.8300
  338352.1200
  338872.0800
  338970.4500
  339003.2100
  339814.5900
  340056.9900
  340148.5500
  340508.6400
  340995.9300
  341613.3000
  341761.2000
  341955.3900
  342003.1800
  342120.8700
  342340.7700
  342546.4200
  342856.8000
  342925.7400
  343032.7200
  343177.1100
  344268.1200
  344487.5400
  344721.0600
  344788.5000
  344917.5300
  345269.0700
  345386.6100
  345684.5700
  345734.4300
  346252.8600
  346527.4200
  346812.0000
  347119.3500
  347315.9400
  347966.8800
  348233.4000
  348726.4800
  348756.0000
  348914.4000
  349657.1700
  350054.4300
  350153.7900
  351370.3500
  351939.8100
  352091.7300
  352638.7800
  352808.7300
  352860.2100
  352904.9400
  353517.0600
  353639.7000
  353923.4400
  355194.5700
  355325.2800
  355456.5300
  355951.7400
  356411.3400
  356720.9700
  356834.6400
  356936.6700
  357540.2700
  358371.0900
  358711.2900
  358921.8000
  359370.2400
  359634.7500
  360449.3100
  360470.1900
  360536.1900
  360767.6100
  360809.4900
  361133.7300
  361210.5000
  362247.8700
  362408.4300
  363110.6400
  363744.8400
  363953.1000
  364216.7100
  364442.7600
  364790.6400
  364849.5900
  365071.1400
  365118.9900
  365239.3200
  365319.1500
  365477.9100
  366039.6600
  366110.2200
  366588.6000
  366979.2300
  367817.3400
  367859.4300
  368202.5100
  368332.5600
  368655.1500
  368779.0500
  369953.8500
  370047.0600
  370141.8900
  370862.7600
  371012.4900
  371370.9900
  372094.9800
  372451.8300
  372553.1400
  372598.9500
  373697.8800
  373930.5300
  374421.2700
  374851.0500
  375239.4000
  375517.2300
  375767.2500
  375899.6700
  376320.6000
  377099.0400
  377167.5600
  377211.0300
  377388.6600
  377715.0300
  378310.7400
  378805.1700
  379256.2500
  379498.4700
  379840.1100
  379919.1600
  379982.4900
  380175.8400
  380207.0100
  380235.2700
  380763.9300
  381195.1800
  381226.6500
  381414.6900
  382388.7300
  382628.0100
  382867.9200
  382925.4000
  383002.6800
  383179.0800
  383383.4100
  383540.9400
  383824.3500
  384002.2800
  385444.6500
  386123.7000
  386645.3100
  386828.9700
  386890.5900
  387017.3100
  387188.5500
  387409.3500
  387637.5900
  387897.4800
  388541.8200
  388575.0000
  388671.5700
  388813.9200
  389345.8500
  389616.3300
  389745.3000
  389845.3500
  390005.5200
  390245.8500
  390278.6700
  390670.4100
  390740.6700
  391151.0100
  391337.2500
  391364.1300
  391522.6800
  391617.6600
  391656.2400
  391828.4400
  391897.7100
  392028.1800
  392701.5300
  392886.8700
  393487.1100
  394192.0200
  394537.7100
  395197.2600
  395253.2100
  395278.9200
  395353.8600
  395461.1400
  395521.2000
  395578.7400
  395685.7500
  395964.4500
  396042.6900
  396104.3400
  396530.0100
  397203.6300
  397336.9200
  397548.2400
  397659.4500
  397789.5600
  398139.0900
  398254.2600
  398688.8400
  398806.6200
  398894.4900
  399354.3000
  399531.6600
  399709.6500
  399820.0500
  400283.2800
  400322.7600
  400556.8500
  400875.9900
  401151.2400
  401320.3800
  401539.1400
  401587.8000
  401757.2100
  401893.4700
  401999.3100
  402211.4400
  402325.2900
  402565.4700
  402661.0800
  402822.7800
  402851.5800
  403122.0300
  403175.6700
  403277.0700
  403552.7400
  403645.0200
  403927.6500
  403983.6000
  404155.8600
  404295.2100
  404396.8800
  406230.6900
  406616.4300
  406669.2000
  406745.9100
  406816.8000
  406873.9800
  407067.9900
  407089.7100
  407370.8100
  407770.0500
  407912.4000
  408585.6600
  409233.1800
  409562.9100
  409620.1200
  410182.5300
  410553.6600
  411236.1300
  411378.7800
  411491.4300
  411746.5200
  411912.2700
  412146.7800
  412297.3200
  412354.8300
  412412.0700
  412470.1200
  412668.0900
  413095.8900
  413175.4500
  413423.1900
  413557.8600
  413823.4800
  414940.7400
  415064.4300
  415348.0500
  415430.4300
  415625.3700
  415762.2300
  415878.3300
  415919.6700
  416238.7500
  416688.6900
  417475.5600
  417673.4400
  418058.9100
  418650.8400
  419666.7600
  420038.6100
  420722.1300
  420952.8300
  421311.4500
  421585.4700
  421721.9700
  421986.7200
  422645.6100
  422929.6200
  423787.9500
  423881.6400
  424597.3500
  424676.6400
  424715.9400
  424830.1800
  424973.9400
  425051.4300
  425079.2400
  425714.5500
  425864.6700
  426521.9100
  427120.9500
  427404.7500
  427673.8800
  427831.3200
  428804.7000
  428870.5800
  429632.1300
  429840.5400
  429886.9800
  430404.6000
  430649.1900
  430915.4400
  430986.9300
  431208.2400
  431289.6600
  431594.1900
  431811.9300
  431882.5500
  432163.8000
  432354.1200
  432445.3200
  432484.0500
  432833.4000
  433108.4400
  433179.2400
  433265.9100
  433559.3700
  433841.3700
  433865.3700
  433872.3000
  434903.3400
  434934.7200
  435202.0500
  435414.4800
  435587.3700
  435606.0300
  436130.6700
  436790.1900
  436860.4500
  436948.6800
  437008.1700
  437262.1500
  437777.3400
  438120.9900
  438970.1100
  439153.0800
  439394.1300
  439728.0600
  439774.3200
  440742.1200
  440787.5400
  440932.9500
  441191.0400
  441372.7500
  441446.5800
  442014.6300
  442441.0200
  442686.8400
  442911.3900
  442966.2000
  443090.0100
  443202.7500
  444134.7300
  444917.8500
  444944.6400
  445070.0400
  445319.2500
  445455.5400
  445507.6800
  445675.5600
  445821.0900
  445863.6900
  446114.0700
  446410.0800
  446722.9800
  447110.3100
  447392.2800
  447612.3000
  447859.7100
  447989.8800
  448269.3900
  448521.2100
  448659.4500
  448729.0200
  448834.2000
  449010.0600
  449061.8700
  449400.1200
  449482.7700
  449575.5900
  450071.4600
  451048.2900
  451075.5900
  451401.6300
  451642.1700
  451672.9500
  452120.4300
  452635.5000
  452704.1400
  453295.1700
  453592.8000
  454075.4700
  454138.8900
  454803.7800
  454984.7700
  455044.9800
  455178.3300
  455580.6900
  455881.4400
  457079.5800
  457116.9300
  457238.6400
  457468.8600
  457576.3500
  457803.3000
  457842.7200
  458159.8800
  458373.0000
  459206.7900
  459761.0400
  459865.6200
  460448.6100
  460623.6000
  460953.3900
  461043.3000
  461104.5300
  461238.7800
  461578.7400
  461691.0900
  461792.9700
  461996.9400
  462407.6400
  462937.5900
  462967.1700
  463604.2500
  464207.9700
  464287.9200
  464677.4100
  465355.4700
  466307.2500
  466457.9100
  466530.9900
  466824.9600
  467633.7600
  467989.1100
  468183.8700
  468564.1800
  468640.4700
  468888.5400
  468968.4900
  469277.4900
  469565.6400
  469677.0300
  469833.6000
  470633.8800
  470888.2800
  471482.4600
  471958.3800
  472009.7100
  472545.9600
  473266.7700
  473382.3300
  473466.8700
  474523.8900
  475060.5000
  475093.5300
  475166.3700
  475263.5700
  475303.4400
  475508.5200
  475655.4000
  475999.2000
  476361.2400
  476368.9800
  476416.3500
  476754.7200
  477252.4800
  477312.7500
  477546.8100
  477896.2800
  478078.2600
  478166.3700
  478619.8500
  478953.6000
  479431.7100
  479546.3700
  479916.5400
  480780.6000
  480909.9000
  480966.3000
  481235.6700
  481308.1800
  481948.1400
  482416.3800
  482495.9400
  482912.4000
  483092.9100
  483278.3100
  484483.0500
  484572.0900
  485928.1800
  486664.4100
  486703.8000
  486845.3700
  487034.9700
  487488.2700
  487672.1100
  487838.9100
  488386.8000
  488656.0200
  488971.3200
  489072.6900
  489098.4000
  489506.1900
  489545.5800
  489606.0000
  489801.3000
  490836.9600
  491112.3600
  491430.4200
  491614.4700
  491711.3400
  491757.3900
  491885.1600
  492478.6500
  492740.6400
  492907.6800
  493137.8700
  493239.3300
  494079.4200
  495030.6900
  495180.4500
  495236.5200
  495316.0800
  495510.0900
  495573.0300
  496147.9500
  496208.7000
  496370.4600
  496512.6900
  496604.7900
  496974.8700
  497120.9400
  497301.7500
  497540.8200
  497778.5400
  497811.2100
  498218.8500
  498654.0600
  498743.4600
  498772.2900
  498780.0900
  499511.5500
  499585.9800
  499747.2300
  499786.7100
  500005.3500
  500190.5100
  500883.9600
  500927.7000
  501040.8000
  501382.4100
  501454.1100
  501608.1000
  501789.8100
  502044.0000
  502187.3700
  502218.1500
  502340.0100
  502584.5100
  502615.4700
  502674.1200
  502799.6400
  503036.9700
  503097.5700
  503223.0900
  503299.5300
  504850.4100
  504980.5800
  505060.2300
  505356.5400
  505571.1600
  506106.3300
  506425.6800
  506570.3700
  506614.7100
  506749.8600
  507043.5300
  507641.4000
  507942.6300
  508074.7200
  508151.6400
  508293.5700
  508980.0000
  509854.0500
  510055.4700
  510455.7900
  510702.4200
  510784.3800
  510879.7800
  511671.9300
  511760.0700
  511777.2300
  511943.1000
  512485.8600
  512750.6100
  513472.5000
  513634.2000
  513740.3400
  513917.4000
  514164.8400
  514563.2100
  514909.3200
  514990.6200
  515477.1900
  515644.8600
  515726.0400
  516059.7600
  516139.5300
  516513.6300
  516616.0800
  516692.2800
  516828.6300
  517061.5500
  517132.5300
  517252.7400
  518078.3400
  518545.3200
  518639.0100
  518667.5400
  518751.3600
  520394.1900
  520777.0800
  520891.6200
  521075.1000
  521667.7800
  521827.2900
  521850.1800
  522202.8300
  522210.4500
  522589.3500
  522678.4500
  522780.5100
  523078.9500
  523432.4100
  523592.8200
  523682.3100
  524069.1600
  524397.6300
  524493.2100
  524587.9500
  525145.7700
  525683.5200
  526110.3300
  526172.6700
  526267.1700
  526892.1600
  527114.6700
  527140.0200
  527486.1600
  528430.0200
  528475.0800
  528969.6900
  529177.1700
  529235.2500
  530152.2600
  530362.9200
  530382.6300
  530430.5700
  530477.5800
  530821.3200
  530875.1400
  531908.4000
  532475.4600
  532569.0900
  532678.1400
  532953.8700
  533288.8500
  533875.7100
  534641.8500
  535158.1200
  535413.2400
  535724.2800
  535942.8000
  536195.6700
  536381.9700
  536709.7200
  536919.4200
  537742.5300
  538415.1300
  538475.6700
  538503.6000
  538658.2500
  539080.2000
  539703.5100
  539763.1500
  539893.3800
  539952.4200
  540098.0100
  540306.5700
  540358.1100
  540645.1200
  540791.7300
  541024.7400
  541455.5700
  541522.2900
  541652.4600
  541707.8100
  541982.4600
  542330.4000
  542372.2800
  543108.2400
  544110.3600
  544679.1000
  545252.8500
  545287.0200
  545476.2300
  545894.7600
  546138.1200
  547029.3300
  548170.8900
  548985.9300
  549045.5700
  549210.5700
  549291.1500
  549331.2900
  549570.3000
  549620.2500
  549701.1300
  549708.9000
  550321.4700
  550910.5800
  551444.5800
  551515.8000
  551704.7700
  551770.8300
  552061.0800
  552161.5800
  552921.6600
  553090.3800
  553302.5700
  553442.8200
  553650.9600
  553992.9600
  554108.5800
  554282.8800
  554375.8800
  555011.0100
  555099.6000
  555780.1500
  555939.7800
  556150.9800
  556431.5400
  556487.7000
  556613.8200
  556725.7500
  557148.3300
  557805.9000
  558011.9400
  558857.3100
  558955.5000
  559673.0100
  559808.1300
  560006.3400
  560310.4200
  560446.2600
  560506.7400
  560686.2000
  560737.6500
  561990.1800
  562009.6800
  562437.9000
  563203.7100
  563850.0900
  564074.7300
  564405.9600
  564949.5900
  565208.4900
  565416.1500
  565747.2000
  566248.1100
  566301.5400
  566393.1000
  566612.4000
  567029.1300
  567158.6700
  567280.4700
  567437.4600
  568131.6300
  568524.7800
  569820.6900
  570057.3300
  570945.7200
  571703.2800
  571983.9600
  572110.7700
  572304.6000
  572534.9100
  572565.1800
  572657.7600
  573352.1700
  573422.4300
  573474.0900
  573534.7800
  573830.9400
  573982.6800
  575258.2200
  575293.2000
  576125.6100
  576164.3100
  576811.3800
  577248.9000
  577979.3700
  578293.5000
  578377.3800
  578553.5400
  578986.4400
  579580.6800
  579797.1900
  580014.4500
  580775.1300
  581489.2200
  581668.8600
  581692.2900
  582164.0700
  582285.3000
  583299.8700
  583372.9800
  583657.3800
  583824.9300
  583916.7000
  584157.4800
  584497.8600
  584971.0800
  585845.1000
  586005.0900
  586534.7100
  586736.2800
  586956.1800
  587272.7400
  587963.2500
  587986.8900
  588318.1200
  588832.2900
  589013.4600
  589053.9300
  589593.3000
  589741.3200
  589862.7300
  590006.7900
  590191.1400
  590455.5300
  590888.6100
  591258.6600
  591570.8100
  591687.3300
  592128.0600
  592167.0300
  592200.9000
  592499.1300
  592563.6000
  592642.4400
  592712.5200
  592752.4800
  592974.6900
  593031.5100
  593639.9100
  593779.2600
  594368.9700
  595017.8700
  595153.7100
  595506.9600
  595639.8600
  597518.3700
