Event parameters: 20120411d_freqx2_3.flt
      On time
     287.1600
     848.4600
    1117.1100
    3342.4200
    4342.5000
    5148.5700
    5225.1900
    5291.6100
    7348.0200
    7784.4000
    7897.5300
    8974.5900
   11914.4700
   12335.4300
   12670.8900
   13987.5900
   14188.7400
   14330.5200
   14445.4500
   14960.3700
   16391.5800
   17222.9400
   17530.4700
   17576.8200
   17629.5900
   17884.8000
   18277.8900
   18909.2100
   19276.4100
   19592.7900
   20613.9600
   21879.9900
   22604.5200
   24891.6600
   25692.6900
   26072.4000
   26171.4600
   26838.6300
   27157.9200
   27199.0500
   27530.4600
   27689.1300
   28404.7800
   29146.3500
   31252.2300
   32024.5200
   33640.5900
   34613.4900
   34983.4200
   37379.5500
   38117.4600
   39381.3900
   41430.7200
   43179.5700
   44007.7800
   44837.5500
   44995.1700
   45087.5700
   45913.9500
   46534.4700
   46610.2500
   47303.9700
   47369.9400
   47462.2200
   47512.5900
   47657.4600
   47873.1300
   47911.9800
   48380.3100
   48413.4900
   48499.5000
   49864.0200
   50152.5900
   51279.4800
   51590.5200
   51604.4700
   51732.4800
   52077.5700
   53470.7100
   55295.4000
   56415.3600
   57528.5700
   58549.0200
   58908.1200
   59167.8900
   59740.6800
   61386.9300
   62056.8300
   62244.1200
   62430.4200
   63527.3700
   64198.3800
   65598.9300
   65877.4200
   67486.0800
   68907.0300
   68951.9400
   69761.1300
   69864.8400
   71267.0400
   71506.9200
   71552.6700
   71825.8500
   71936.6400
   72542.5500
   73383.8100
   73421.8800
   74520.7800
   74725.0800
   75247.3200
   75592.0200
   75844.2300
   77933.5500
   79992.6000
   81914.6700
   82158.6000
   82274.2200
   82338.2700
   82368.6300
   83322.9900
   85126.5000
   85795.5900
   86234.9700
   86419.7400
   86912.2200
   86988.3000
   87380.3700
   91984.0200
   92426.1600
   92623.5300
   92961.7500
   95231.9100
   96310.3500
   96553.5000
  101984.8200
  102130.1400
  102437.1900
  102608.5800
  103216.8900
  103370.7000
  103468.3200
  104214.6900
  104470.1100
  106013.9700
  106989.2400
  107561.0400
  109860.9000
  111312.1200
  112216.8000
  112551.2100
  112765.7100
  112876.6500
  113041.7100
  113159.5200
  113658.4800
  113903.1300
  114213.2700
  114783.1500
  115360.6800
  115681.0500
  115714.2600
  116373.5100
  116971.1100
  120507.9300
  120720.1500
  121750.1100
  123867.9600
  124803.0300
  124821.0300
  125039.2800
  125230.9500
  125438.6400
  127527.1200
  127711.8600
  127946.1000
  129938.8200
  130370.5800
  131086.6800
  131124.6600
  131349.8400
  131816.7000
  133486.2900
  133787.0100
  134341.2900
  136604.3400
  138214.3200
  139645.0800
  140004.2400
  140606.4900
  140938.9200
  140961.9000
  141242.4000
  142305.1200
  142586.2800
  143067.9600
  143642.4600
  143697.1800
  143973.1500
  144792.9600
  144840.6300
  144994.6500
  146853.1800
  147460.5900
  148293.7200
  148791.7800
  149434.3800
  149574.8700
  150792.9000
  150854.6100
  152884.6200
  153056.4300
  153340.8600
  153520.1400
  153712.7100
  154680.5400
  154766.2200
  156089.9700
  156337.8300
  157033.5000
  157088.6400
  159378.5700
  160835.7000
  161307.7500
  162430.1700
  163701.7500
  165028.9800
  168453.6600
  171219.6300
  172502.8800
  174041.5800
  174149.6100
  176509.5000
  178055.2200
  180591.7500
  181081.2300
  181656.9900
  182097.9000
  182192.1900
  182707.4100
  184377.0300
  186057.4800
  186766.1700
  188523.6900
  189527.8500
  189813.2400
  189838.8000
  190311.5100
  191733.0600
  192335.0700
  192893.6700
  194262.5400
  194896.5300
  195710.8500
  195996.5400
  196080.0300
  196531.3200
  197878.1100
  197909.3400
  198293.5200
  198353.7600
  198962.1000
  199609.3800
  201522.3900
  201693.1200
  201785.4300
  201805.3800
  201903.3000
  202031.7300
  202196.7000
  203374.1100
  203528.1000
  204186.2700
  205518.5100
  208010.8800
  208063.5600
  208102.5600
  209978.4000
  210471.0600
  210529.4100
  211550.4000
  211746.2100
  212016.5400
  212232.0600
  212698.9200
  213443.3100
  215268.3300
  216038.8500
  217467.3000
  218450.5800
  218931.7800
  219790.9500
  219952.3800
  220533.4200
  222409.1400
  223439.5200
  227546.1600
  227938.4400
  228447.5100
  228810.7200
  229432.9800
  230628.2400
  232005.5400
  232675.9500
  233245.4400
  233683.7700
  234709.2000
  236204.8200
  238128.9900
  238435.5300
  238682.3100
  239982.4500
  240636.1500
  241790.8800
  242737.2000
  245773.9200
  246321.2700
  249359.6400
  249494.4300
  250927.6800
  251555.1300
  251846.8800
  255226.0500
  255403.8900
  257428.8300
  260907.7500
  261681.7500
  262196.8800
  263387.7300
  264616.5600
  264985.1400
  266127.3900
  268436.2500
  268848.7800
  269629.5000
  270262.2600
  270850.4700
  270983.9700
  272694.1200
  274779.3000
  275680.3200
  277343.2200
  277642.6800
  277676.0100
  278612.3100
  278875.9500
  279043.6200
  279172.2600
  279906.0300
  280171.6800
  280917.3000
  281642.6400
  281881.1400
  283185.9300
  284013.6300
  284298.6000
  284390.8800
  286316.7600
  286967.6100
  287709.5400
  288012.4500
  288679.2000
  289922.3700
  289946.4000
  290075.0700
  292411.6500
  293016.9000
  297368.6400
  299234.2500
  301033.6800
  301666.2600
  302434.3200
  303745.3500
  303856.9800
  304257.3300
  304276.2000
  304527.9000
  305140.7100
  305167.8900
  305945.4600
  306384.1200
  308192.9700
  310128.0000
  313190.5500
  316228.4700
  316434.3900
  319195.5300
  321088.5300
  321803.9700
  322159.2900
  322966.7100
  324394.0500
  325273.2000
  325786.8900
  326254.5600
  326505.4800
  326671.5900
  330850.9500
  333756.4500
  334091.9400
  334175.5200
  334315.1400
  335499.1200
  335723.8800
  336212.5200
  337001.6100
  337030.6800
  337115.7300
  337693.5000
  337931.4900
  339049.9500
  339112.3800
  339282.7500
  340469.4000
  340794.3600
  341174.9400
  341523.6000
  341580.5100
  341778.6900
  342318.9900
  342405.3000
  342835.6800
  343296.9300
  343413.0600
  343520.6100
  343691.1000
  344228.5500
  345625.1700
  345669.6000
  345992.7900
  346611.4200
  346969.8000
  347390.4900
  348989.7000
  349080.4800
  349626.7200
  349891.0500
  349971.9000
  350094.0600
  350216.4300
  350291.9700
  350684.6100
  350908.5900
  352149.6300
  352416.6300
  353412.3600
  354438.8400
  354550.0200
  354708.4200
  355043.5200
  355103.1000
  355468.1100
  355972.1100
  356106.6600
  357172.9500
  357646.5000
  357934.7700
  358221.7200
  358650.0000
  359401.5900
  359600.2200
  360120.3300
  360182.7600
  360373.2300
  362020.3200
  363871.8900
  363922.2900
  364468.2000
  364527.3900
  364868.8500
  365326.5300
  365515.6500
  365600.0400
  366609.2100
  368507.6400
  368741.8200
  368909.3700
  369405.4500
  369942.8700
  370393.1100
  370881.9000
  371534.6400
  373555.1700
  375072.0300
  375216.8100
  377235.4500
  377689.0200
  380534.7300
  382685.1900
  382994.4600
  385290.9900
  387494.7300
  388187.7300
  390955.2300
  391632.1800
  393213.0300
  393574.8600
  393721.2000
  393982.9800
  395387.5800
  395708.9100
  395725.5300
  395808.6300
  396837.6600
  397070.0100
  397289.6700
  397748.4300
  398323.2900
  398527.3200
  398715.1200
  402897.1200
  402953.0700
  404033.0700
  405909.0900
  406868.7300
  407311.8900
  407991.6300
  408045.7500
  408907.4700
  409153.0800
  411319.5300
  411376.6500
  413759.8200
  414460.8900
  416090.7000
  417888.7500
  418197.0600
  418533.3600
  419176.3500
  419536.9800
  420082.2600
  420326.4000
  424182.0000
  424663.9800
  426788.2500
  429720.9300
  430276.7700
  430361.5500
  432900.0300
  433381.5000
  433548.4500
  433951.4700
  433959.0300
  434010.1200
  434054.7600
  434225.4900
  434382.2100
  434773.3200
  434977.1100
  435001.1700
  435172.8300
  435309.2700
  435674.0100
  436715.7000
  438458.1600
  438860.7300
  439723.6500
  441010.2900
  441352.8900
  443406.5700
  444533.1600
  444587.2800
  445459.3800
  445871.0400
  446511.1800
  446705.8200
  446866.2300
  447201.9600
  447999.4200
  449506.7100
  449995.4100
  451920.6900
  453123.6900
  454768.3500
  454824.3300
  456644.3400
  457922.7900
  461089.7700
  461198.1300
  461656.8300
  461687.6400
  462210.9600
  462703.5000
  463223.5800
  465315.0300
  465569.4000
  465809.6400
  466042.3200
  466263.9600
  467012.1900
  467308.4400
  468674.8200
  469941.7500
  471011.1900
  472340.4000
  472554.1800
  473462.6100
  473716.5900
  476347.0200
  476531.4600
  476560.9200
  476676.9600
  476948.3400
  477135.5700
  477215.4600
  477278.6700
  479295.5700
  480366.4500
  481317.4200
  481910.3700
  482562.9300
  484325.7300
  484622.0100
  484877.2800
  486488.1900
  487599.8100
  488288.1900
  488376.7800
  488447.4600
  489340.2000
  490242.0600
  490430.4900
  491274.5700
  494593.5900
  494599.3200
  496039.8300
  496560.7500
  496863.0300
  497508.5100
  497801.7600
  497968.5300
  499073.3400
  499679.3700
  499818.8700
  501422.0400
  501712.5900
  503709.9300
  504066.8100
  506419.1100
  507185.7300
  508546.8300
  508588.2900
  509010.6000
  509473.1700
  509557.6800
  509771.8200
  510286.7400
  510374.5800
  510395.7300
  510476.0100
  510936.8400
  511534.3800
  511736.3400
  511816.7700
  512173.7700
  512249.7900
  512303.9700
  512436.7800
  512472.4200
  512627.4300
  512893.0500
  513589.6200
  513661.4100
  514400.8500
  514480.8600
  514788.1200
  515402.1000
  515667.6600
  516223.6200
  517007.2500
  517079.6700
  518761.0800
  518792.3100
  519191.3400
  519304.8900
  519565.8000
  520495.1400
  520950.5400
  521001.7200
  521210.7600
  521310.0600
  521493.6900
  521525.3100
  521636.6400
  521711.6700
  521942.5800
  521946.7500
  522282.0600
  522527.2800
  522842.6100
  523200.7800
  523564.7700
  524320.2300
  524644.3800
  525378.7800
  525483.2100
  525814.2600
  525849.2100
  526149.9600
  526218.4800
  526864.0200
  527500.5900
  527589.8400
  527756.2800
  527848.2900
  528122.1600
  529059.3900
  530203.6800
  530264.7000
  530348.1000
  530361.6600
  531711.9600
  533098.2900
  533601.2100
  533742.5700
  534814.5000
  535143.0300
  535286.5500
  535707.4500
  535866.0900
  535996.2600
  536093.9100
  536753.2200
  537748.6200
  538248.9900
  538688.0700
  538712.0700
  539037.6300
  539077.6800
  539577.3000
  539687.7000
  539794.4400
  540353.7000
  540427.6800
  540544.3800
  540903.1500
  541552.7400
  543113.1600
  543184.8900
  543477.9900
  543587.0700
  543786.0600
  544875.7500
  545016.2400
  545125.7700
  545331.3000
  545501.9100
  545825.7600
  546006.6300
  546454.7700
  546811.1700
  546915.3900
  547218.4500
  547263.4200
  548783.8500
  549904.7700
  549963.8700
  551439.3900
  551500.8000
  551638.4100
  551702.3700
  551746.5000
  552100.6500
  552218.7600
  552321.4500
  552507.2400
  553283.4600
  553655.2500
  554634.8100
  557862.4500
  558821.8800
  558994.4400
  560098.5000
  561090.4500
  563200.2000
  563473.7100
  564107.6100
  564463.6200
  565110.0300
  565248.8700
  565278.0000
  565848.1800
  566434.3800
  566436.5400
  567615.1800
  567851.1900
  568623.9000
  569945.0400
  570032.1900
  570304.2600
  570550.4400
  571453.1700
  571991.4300
  572188.8900
  572681.9700
  574477.0500
  576721.6800
  576782.9700
  577015.2900
  577609.5300
  578333.1600
  579335.0700
  579575.6700
  579600.9000
  579707.6400
  580283.7000
  580883.7300
  580958.0100
  581610.0600
  581710.7400
  582184.6200
  582628.5900
  583144.1700
  583646.1900
  584020.1100
  584371.8300
  584905.1100
  586656.3900
  587129.9700
  587339.7300
  587399.9400
  587621.1900
  587845.6200
  588077.7300
  588155.2200
  588544.9500
  589109.4000
  589195.4700
  590238.0000
  591329.2200
  591536.3400
  592143.8100
  593037.1200
  593328.4500
  593486.3700
  593818.3200
  594052.5600
  594779.7900
  594953.0400
  596301.3600
  596476.4700
  596588.3700
  597654.1500
  597963.6900
