Event parameters: 20120411d_freqx2_3.flt
      On time
   26814.6600
   31733.8800
   31759.3200
   37560.3300
   39459.7500
   46333.9800
   47352.4800
   47616.2400
   47731.6200
   49808.0400
   52027.2300
   54324.9900
   56465.2200
   57795.1500
   59651.7900
   60919.8000
   61506.3600
   68557.0800
   68823.6300
   68997.6000
   78605.4000
   80835.1200
   87203.4900
   94274.4300
   96108.6000
  101863.0200
  101952.5700
  111782.1600
  116268.4200
  119706.7200
  124133.8200
  127424.9700
  129071.3400
  129972.4800
  131871.2100
  138096.6000
  202043.4600
  202046.4000
  203378.2800
  205228.8000
  206745.9000
  207504.2400
  209182.2900
  210335.3100
  214317.4800
  222771.1800
  227581.7700
  229364.8500
  231457.9200
  234607.5600
  247321.9200
  255032.9100
  270313.1100
  270462.3600
  271086.4200
  273737.1900
  274400.4000
  282631.2600
  288670.3500
  294743.7000
  299379.6300
  300405.3900
  302425.6200
  305628.3600
  306354.5400
  313795.2600
  325411.3200
  333177.7500
  393525.4800
  395692.5300
  399251.8500
  415979.7900
  444121.8600
  444334.9500
  465691.8900
  487016.5800
  508656.3900
  510305.3700
  515525.2800
  515697.9300
  539473.8900
  539726.3400
  543879.9600
  543952.8300
  544098.3000
  549574.7100
  565051.3500
  578644.7100
  590355.1500
