Event parameters: 20120411d_freqx2_3.flt
      On time
     437.6100
    2175.3000
    3642.9600
    4952.9400
    7594.5300
    8376.0900
    8692.9800
   12238.6800
   12620.3400
   13691.7300
   14848.9500
   15048.2700
   15958.7700
   16898.6700
   17622.9000
   17846.4300
   19261.7700
   19317.4500
   19780.3200
   19947.6900
   20037.4800
   20548.4700
   20646.5400
   20678.9700
   21138.7200
   21537.5700
   21775.7700
   21825.2400
   21939.6900
   22191.9300
   22631.5200
   22664.6100
   23288.2800
   23500.9800
   23602.8600
   23754.9300
   24036.3300
   24204.6300
   24336.5400
   24822.1200
   25086.0600
   25146.3000
   25312.1100
   26801.1600
   26868.6300
   27222.8700
   27554.2200
   28648.9200
   29268.9600
   29733.3600
   29936.9400
   30993.0900
   31665.6000
   32559.1800
   33699.4800
   33862.2900
   37131.2400
   37246.7400
   37639.7100
   37730.7900
   37758.5400
   37868.6100
   38282.2800
   38567.3400
   38604.3600
   38685.6300
   39211.9800
   40457.8200
   40735.0800
   41094.0900
   41484.2100
   42044.4900
   42292.3500
   42455.2800
   43130.5500
   43167.6600
   43530.4500
   43851.4800
   43880.4900
   44607.5100
   44728.2600
   46052.1000
   47689.8900
   47842.3800
   48620.8200
   48837.9300
   49475.8800
   49784.2200
   49859.1900
   50294.4000
   50525.4300
   51121.3800
   51670.4400
   51762.0900
   51815.9100
   52179.9000
   52239.6000
   53217.4200
   54137.6400
   54668.1600
   54788.9100
   55312.5300
   55458.2400
   56037.6900
   56371.6200
   56692.5300
   57295.9200
   57849.6600
   58276.8000
   58656.1200
   59163.8700
   60093.3000
   60684.9900
   61094.1000
   62158.9800
   62510.3100
   63452.3100
   63551.1300
   64021.1700
   64221.7500
   64742.1300
   64826.9700
   65178.7500
   65705.3100
   66171.9600
   66995.8800
   67487.9100
   67797.4200
   67905.4800
   68515.3800
   68770.8900
   68949.1500
   69670.9500
   69933.9900
   70078.1100
   71013.8700
   71186.5500
   71677.2300
   71708.4900
   74688.8700
   75364.4700
   75842.9100
   75982.7700
   76063.0200
   77341.8600
   77971.3500
   78754.8600
   81011.9400
   82450.2300
   83349.7500
   83501.1000
   85101.5700
   86495.9100
   86887.2300
   87922.2900
   87984.5700
   88064.4300
   88354.5000
   88519.5900
   89112.0000
   89649.2700
   91952.1600
   92037.1500
   92565.4200
   92669.8200
   92700.9300
   93454.7400
   94367.5800
   95002.8600
   95058.8100
   95880.8400
   96122.6100
   96475.8300
   96834.3300
   97173.2700
   98366.9400
   98550.9000
   98692.8900
   98900.0700
   99514.7700
  101292.5700
  102541.0200
  103555.7700
  103923.6600
  104280.3900
  104702.9100
  105955.1400
  106401.0300
  106525.5300
  106639.0800
  108541.5000
  109132.2300
  109472.0100
  109503.8400
  110026.6200
  110398.3800
  110454.9300
  110490.8700
  110524.1400
  110803.3500
  111616.4100
  115407.9900
  116279.9100
  117144.3600
  117701.7300
  119073.8400
  119926.4100
  120368.4900
  120998.0400
  121229.0400
  123227.1000
  123739.8600
  123970.9800
  124321.4700
  124996.3500
  125885.0100
  126108.8700
  126596.0700
  126755.5500
  127709.4600
  128168.3400
  128369.9400
  128485.2600
  128514.8400
  129636.2400
  132346.9200
  132741.0300
  132845.7600
  135203.8500
  136561.4100
  138648.0900
  138694.5300
  139876.9500
  140046.0900
  140077.4100
  140105.9700
  141206.6700
  143631.4500
  145346.1900
  148119.6900
  149947.8300
  151514.3700
  154474.4400
  156267.4200
  158895.0900
  162444.9900
  163717.4400
  165341.7900
  165810.9000
  166125.8700
  169766.1000
  171503.6400
  171589.9500
  174347.0400
  180405.2100
  184269.7500
  184802.1000
  184886.7000
  186386.5200
  189768.2100
  194857.5000
  195320.4600
  196666.1400
  197722.8600
  201481.2000
  201595.0800
  201737.3700
  201932.1600
  202285.5900
  202413.4200
  202498.2900
  202803.8400
  204045.4200
  204161.7600
  204192.3600
  204345.4500
  204613.9500
  204649.6800
  205177.9200
  205295.7600
  205961.9100
  206011.7100
  206165.4300
  206394.8100
  206655.3000
  206770.9200
  207049.3500
  207360.2400
  207761.9400
  207923.1000
  208870.3200
  209070.3000
  209506.4400
  209827.9200
  210190.9800
  210754.7100
  212700.3300
  213236.7300
  213391.8000
  214645.7400
  214703.4600
  214711.5300
  214790.6100
  214883.0100
  214973.1000
  216005.1600
  216161.0100
  216397.3800
  217021.9500
  217192.8600
  217440.1500
  217664.6100
  218046.4800
  218360.1300
  218560.3800
  219245.4300
  219315.1500
  220339.3800
  222220.1100
  225017.6400
  226427.7300
  226540.4100
  227140.9500
  228065.8200
  228609.3300
  228718.3200
  228865.8900
  231001.2000
  231212.8800
  231638.4600
  233872.2300
  234888.0000
  235034.1900
  235057.4400
  235212.7800
  235499.9700
  235813.1100
  236511.5400
  236701.7700
  236949.9600
  237073.2000
  237405.2100
  237987.4500
  238071.2700
  238180.2900
  238239.7800
  238740.3900
  239021.4600
  239202.7800
  239838.5700
  240004.8300
  240546.1800
  240977.5200
  241493.3100
  241578.5400
  243492.6000
  243738.2400
  246004.2600
  246175.9200
  246998.2200
  248596.7700
  248838.8100
  250059.8400
  250887.1500
  250968.3600
  251542.5900
  251743.5900
  251969.3100
  252209.9100
  252543.7500
  252815.3700
  253681.8000
  254820.4200
  255278.2500
  256022.2500
  256183.0800
  256230.1800
  256344.2400
  257091.0000
  258157.6500
  258270.1200
  258391.2300
  259228.4400
  259824.9600
  260700.4800
  260904.1200
  261696.8100
  261897.3000
  262004.7000
  262764.9000
  263765.3700
  264131.7000
  264392.3700
  264472.3500
  265004.4300
  265257.9600
  265733.4900
  265796.4600
  267012.6900
  267837.7500
  268612.9800
  269275.6500
  269795.0400
  270019.7100
  270216.8700
  270387.0600
  270470.8200
  270940.1700
  271271.2200
  271796.3400
  272263.0800
  272327.7600
  272562.1800
  272931.6000
  273568.7400
  273903.8100
  274034.5200
  276064.0800
  276367.2900
  277648.3200
  277955.3700
  278047.2300
  278948.0100
  279040.7100
  279294.7500
  279467.9400
  279802.1400
  279890.0700
  280284.9300
  280509.5100
  280651.3200
  281048.3100
  281701.5300
  282322.8300
  282916.5600
  283129.5000
  283165.8300
  283783.7700
  284254.6200
  284725.3500
  284786.9100
  284918.1600
  285359.6700
  286134.0600
  287429.4900
  287729.6100
  288290.6100
  288928.9200
  288987.5100
  289078.5600
  290621.6100
  291201.5400
  291746.1900
  292065.0000
  292752.5100
  293154.2100
  294165.8100
  294414.0900
  294905.4000
  296032.6500
  296488.4400
  297141.0300
  297591.2700
  297701.7300
  299232.7500
  300439.5300
  300503.0400
  300877.3200
  301630.6500
  301709.7300
  302017.4100
  302292.6900
  302322.2400
  302381.8200
  302693.7000
  303060.8100
  303151.9500
  304160.2500
  304347.0600
  304526.1000
  304883.4900
  308258.4300
  308379.2100
  308939.0400
  308999.7300
  309496.1100
  310068.9000
  310788.3300
  312982.2300
  313266.0900
  315606.2700
  316274.3400
  317293.2900
  318638.9400
  318874.1100
  319230.7800
  319424.4600
  319776.3900
  320300.0400
  320456.7300
  320698.4700
  320909.6700
  321540.3000
  321802.4400
  323494.4100
  325430.8200
  327178.2900
  327468.9000
  329681.6400
  330953.1000
  331040.4300
  331573.5300
  333105.1800
  333135.4500
  333196.7400
  335184.5400
  336711.1200
  338034.1200
  338731.3500
  339478.1100
  340228.2300
  342256.9800
  343397.7900
  343874.9400
  344923.8600
  346215.0900
  347781.3900
  348250.1100
  348333.3900
  348505.1700
  352762.1400
  354227.4300
  354284.7000
  355262.0700
  356361.1200
  358377.6600
  358779.4800
  359334.6000
  359734.5600
  362178.1200
  363050.5800
  364883.5500
  366147.6600
  367089.4200
  368521.5600
  376369.7700
  377004.7800
  379050.2400
  383870.7900
  385647.9900
  389195.3700
  389976.7500
  391717.7400
  393679.4400
  394157.7600
  394240.2600
  394430.9700
  394644.7800
  394900.7400
  395017.6800
  395108.8500
  395208.2100
  395738.7300
  396420.2400
  396728.1300
  397100.6100
  397257.9600
  397752.1200
  397946.6100
  398609.0400
  398987.5200
  399261.3300
  399350.5200
  400714.4700
  401577.9600
  404903.8800
  405223.0200
  406006.3500
  407096.1600
  410127.6900
  413530.2900
  415212.6000
  415989.5700
  417816.6900
  419018.0400
  419270.3400
  421660.1100
  423061.5300
  423142.8600
  424845.1800
  426984.1800
  428030.4900
  428060.6100
  429101.8500
  431238.3900
  432511.7700
  433259.8200
  433892.4600
  433918.4100
  434252.3100
  434311.5000
  434335.8000
  434765.0400
  434925.6900
  435147.3300
  435211.7400
  435294.8100
  435831.2700
  436285.1700
  436317.0000
  436601.1900
  437248.5600
  437601.4200
  438778.2000
  439386.3900
  439837.5000
  439957.5000
  440075.3400
  440574.1800
  441194.3400
  441954.3600
  442710.3300
  443459.9700
  444160.8900
  444926.4600
  445731.6000
  446119.8900
  447290.1000
  447571.7700
  448563.6600
  448957.4700
  449244.6600
  449342.5200
  449872.8900
  450386.1600
  450532.5300
  450615.4200
  451166.0400
  451695.8400
  452011.9500
  452817.8700
  453023.2200
  453698.2800
  453817.5600
  454323.1200
  454489.8300
  455266.2600
  457501.4700
  457604.6400
  457928.5500
  458412.4500
  458931.4500
  459296.5800
  459738.6000
  460838.7300
  460983.0000
  461061.3600
  461195.7300
  461334.9900
  462612.3900
  462831.4800
  463403.4900
  463669.0800
  464048.7300
  464853.9300
  464933.1300
  465117.9900
  465403.7100
  466769.0700
  468671.4300
  468920.1600
  469121.1300
  469444.9500
  470111.3400
  470324.0400
  470837.8500
  471232.7400
  472731.6000
  472989.6300
  474028.2300
  474260.0100
  474595.1400
  474761.2200
  475281.9000
  475387.6500
  477329.4000
  477684.2700
  478169.9700
  478728.9900
  479496.5100
  480142.4100
  481426.4700
  482295.0300
  482660.8200
  483759.6900
  484811.5800
  486511.8600
  486793.3500
  487059.2400
  487775.1300
  488849.9700
  489019.1400
  489385.3200
  490346.3700
  490602.7200
  491565.3300
  491740.4100
  491981.8800
  492146.1900
  492317.6700
  492409.8900
  492541.9200
  492933.3300
  493399.1400
  493856.8200
  494767.6200
  494965.1700
  495569.3700
  495903.0600
  497333.7600
  497536.0200
  497788.2300
  498347.9100
  498939.0300
  499355.5200
  499622.1900
  500264.9400
  500824.8300
  501011.7300
  501399.3600
  501682.3200
  502021.9800
  502822.5600
  502852.4100
  502953.6000
  503759.4900
  503961.2700
  504114.3000
  504948.0000
  505990.9200
  506062.5000
  506567.3100
  506664.2400
  507446.4000
  507644.5200
  507789.5100
  508444.6500
  508498.8300
  508785.6900
  508895.6700
  509153.7000
  510320.1000
  510429.9900
  510588.0900
  510825.9600
  511006.3800
  511519.0500
  512902.3800
  513260.2500
  514713.4500
  514786.7700
  515988.3000
  516931.8000
  517190.6400
  517549.7700
  517655.9700
  519120.2400
  519174.9900
  519264.4800
  519519.7800
  520058.0100
  521626.1700
  521843.6400
  521899.3500
  523441.7100
  523752.6600
  523844.9700
  524310.6300
  524344.8600
  524456.3100
  525734.4300
  525809.1300
  526031.9100
  526177.6800
  526500.3900
  526680.7500
  526993.7700
  528509.6700
  528653.0100
  529583.0100
  530142.3900
  530191.2000
  530621.1600
  531303.4500
  531362.1000
  531978.5100
  532197.2100
  532231.9800
  532241.5200
  532341.2400
  532412.4300
  534232.9500
  534376.3500
  534772.2600
  535070.5500
  535934.8200
  536302.0800
  536338.1400
  536459.7000
  536893.9800
  537098.8500
  537352.2600
  538726.1100
  539247.8400
  539468.4900
  540331.9500
  540890.7900
  541363.4100
  541645.3800
  542494.3200
  543303.4800
  543408.9900
  543442.3800
  543944.2500
  545625.6600
  545801.8800
  546819.8100
  547766.9100
  548019.4800
  548273.5500
  548727.2700
  548862.8400
  549696.4200
  550101.6600
  550216.3500
  550637.0400
  552429.3600
  553251.3300
  553794.2100
  553991.4000
  554761.9200
  555479.8200
  555873.0600
  555947.2500
  556124.2500
  556297.1400
  556386.9000
  556441.5000
  556580.0400
  556901.4900
  557219.6400
  557245.1100
  557368.7100
  557672.3100
  557857.0500
  557966.6100
  558106.4400
  558262.6800
  558397.7400
  559861.0800
  559946.3700
  560670.6000
  560839.6800
  561187.0500
  561488.1000
  561627.9300
  561744.1500
  562007.2500
  562295.8200
  563112.7500
  563695.0200
  564065.3100
  564261.7500
  564637.5900
  565289.2500
  570987.9300
  572062.7100
  572379.2100
  573631.5900
  575491.2000
  581622.3000
  584690.4300
  585249.0600
  585366.0600
  586447.6800
  587747.6700
  588814.2900
  589150.9500
  591758.7300
  592994.6400
  593478.1500
  596486.1000
  596542.8600
  597667.1400
