Event parameters: 20120411d_freqx2_3.flt
      On time
     483.8100
    1149.4800
    1540.8900
    1944.1800
    2544.1800
    2668.4400
    3380.2200
    3744.6300
    4693.5600
    5535.5700
    5717.2800
    6496.8900
    7287.6300
    9243.2700
    9254.4300
    9274.9500
   10432.2600
   10817.4600
   11204.4000
   11300.8800
   14635.6500
   15338.3700
   15742.8600
   15977.4600
   18343.5000
   18448.6200
   19400.0700
   19514.9700
   19575.0900
   19584.4200
   19597.1400
   19781.4900
   19861.5900
   19978.1400
   20057.4300
   20131.0200
   20944.2000
   21176.2800
   21199.3800
   21568.2300
   21666.2100
   22198.1700
   22654.8900
   22725.2400
   22830.5400
   23291.0100
   23745.8100
   23763.9300
   25008.8400
   25245.0300
   25405.3800
   26085.6600
   26165.1900
   26191.7100
   26872.5300
   26895.9900
   27844.2000
   27853.1100
   27882.3900
   27913.0200
   27914.2200
   27942.8700
   28082.5800
   29025.9900
   29415.1200
   29727.6900
   29975.9100
   30090.8400
   30654.8700
   30907.8900
   31559.9400
   31758.6000
   32465.7000
   32846.7300
   32958.2100
   33360.0600
   33865.5000
   35461.2000
   36415.3200
   36455.4900
   36512.6400
   36778.6200
   36874.8600
   36928.6200
   37038.5100
   37111.0800
   37263.9000
   37405.4100
   37586.3100
   37900.4400
   37905.4800
   37941.1500
   38246.7300
   38661.9000
   39516.2100
   39541.9800
   39567.9000
   40466.7000
   40784.5500
   40880.6700
   41519.3400
   42943.8000
   43330.6800
   43570.7100
   44864.0700
   45283.3500
   45381.0900
   45657.5700
   46382.5500
   46391.3400
   47164.8900
   47217.8700
   47279.3700
   47621.7300
   48693.0600
   48845.2500
   49038.5100
   49652.7000
   49717.1400
   49830.8100
   50084.5500
   51556.0200
   51814.7700
   52153.4100
   52552.5900
   52635.3900
   53518.5000
   54054.0300
   54162.9900
   55018.9800
   55175.4600
   55357.4700
   55401.4500
   55642.1700
   55647.8400
   56320.1700
   56785.9500
   56800.5300
   56896.3200
   56972.7600
   57179.2800
   57357.6300
   58457.1600
   58458.5700
   58694.2500
   58754.5200
   58784.8500
   58790.0700
   59116.7700
   59201.5200
   59324.5800
   59704.8000
   59712.1200
   59855.7300
   60676.9200
   60791.2500
   60851.1600
   62958.6000
   62962.7700
   62988.0900
   63020.0400
   63062.6100
   63102.0600
   63124.7100
   63128.8500
   63167.8500
   63432.7200
   63470.3100
   63696.8100
   64081.0500
   65062.5600
   65908.8000
   68004.5100
   68367.8400
   68777.3700
   69188.2500
   69195.4500
   69722.6100
   69756.1500
   70698.4800
   71196.6300
   71601.0300
   72228.0900
   72370.2900
   72675.6000
   73366.6200
   74476.5000
   74569.2900
   74656.6800
   74715.8100
   74753.3400
   75356.1000
   75495.2700
   77369.9400
   78233.5500
   78619.1700
   78623.2800
   78664.5000
   79784.6400
   80392.8000
   80872.7700
   80897.4900
   80903.1600
   81092.7300
   82246.7700
   82302.2100
   82306.0800
   82366.6500
   82640.6100
   82767.3900
   83355.2100
   84159.8400
   84400.1700
   84846.2400
   85167.0600
   85603.6500
   86146.8900
   86456.6700
   86776.5600
   86986.2900
   87219.8700
   87221.2800
   87300.6000
   88396.9800
   88828.8900
   89060.3100
   89514.8700
   89535.0600
   89616.7800
   89808.5100
   90587.9700
   91129.4100
   91720.5300
   91903.8600
   92036.3400
   92320.4100
   92458.0800
   92957.5500
   93302.5200
   93478.8300
   93863.3700
   94281.6000
   94434.5400
   94631.7300
   95036.2800
   96191.4300
   96221.3700
   96654.0000
   97053.8700
   97448.1900
   97464.1500
   97470.4200
   97753.1100
   97755.6900
   97769.0100
   97771.1100
   98063.2200
   98103.7500
   98110.2000
   98372.4900
   99605.8500
  100491.8700
  100869.8400
  102104.9400
  102250.8600
  102256.5900
  104252.3400
  104754.7500
  104766.9900
  106392.4800
  106684.1700
  106987.4100
  107042.1000
  108629.1600
  109758.0900
  110526.2700
  110530.7100
  110570.6700
  110716.8600
  111737.2800
  111807.4500
  111832.8000
  111916.4100
  112391.7000
  112820.2500
  115029.2100
  115669.7400
  115815.3000
  115929.8700
  115933.6800
  116013.4200
  116111.9100
  116222.1000
  116403.2100
  116802.2100
  116828.6700
  116888.9100
  117066.4800
  117121.7700
  117309.0900
  117412.3500
  117909.4500
  118114.4100
  118177.7700
  118664.7600
  119182.1400
  119607.4500
  119787.4800
  119822.6400
  120602.7900
  122213.5200
  123158.6400
  123572.7000
  123993.1800
  124098.2400
  124101.4500
  124220.8200
  124224.2100
  125186.1900
  125961.5700
  126100.2600
  127321.8900
  127896.7500
  128491.0200
  128601.2100
  128662.1700
  130241.3100
  130326.3000
  130491.4200
  130594.3800
  133169.3400
  133320.0600
  133724.1900
  133999.9800
  134618.1600
  135217.6500
  135670.8900
  136251.1800
  136421.6400
  137143.0800
  137532.4500
  137820.6900
  138095.8800
  138151.8300
  138153.8700
  138172.5300
  138286.7100
  138392.7300
  139753.2000
  143703.0900
  144621.7200
  145160.2500
  147610.6200
  147974.8200
  151747.0200
  151963.8300
  153696.4800
  153849.6000
  154666.7100
  154953.0900
  155397.3900
  156961.6500
  157657.8000
  158167.5300
  158289.6000
  158677.4100
  158810.4600
  159661.8300
  159716.1900
  159946.3800
  160322.2500
  161272.4100
  161781.6000
  162954.6600
  163443.0000
  166798.6200
  167235.3000
  167999.3400
  168236.3100
  169156.3800
  169403.3700
  170736.2700
  170784.7800
  171917.5500
  172681.6500
  174072.7200
  177385.6800
  177646.9200
  180551.7300
  181308.2700
  181794.7800
  182701.5900
  183918.5400
  184370.3100
  185006.4300
  185602.6500
  185628.9600
  186198.7200
  186917.7000
  187210.8000
  189552.6300
  189798.2400
  191735.4300
  191966.2500
  194331.6300
  196337.6400
  197083.3800
  197336.7900
  199804.4700
  200130.1200
  200247.4200
  201687.3900
  201818.9100
  201878.2200
  201890.0400
  201947.7300
  202032.9900
  202206.5100
  202259.9700
  202311.5700
  202500.0900
  202530.9000
  202609.5900
  203372.0400
  203381.9400
  203431.7700
  203863.2900
  204165.0300
  204514.2300
  204695.5500
  204966.8700
  204968.6100
  204990.2700
  205102.9500
  205144.9500
  205181.1900
  205587.3300
  205901.6700
  206024.2200
  206194.1400
  206608.3800
  206895.4800
  207776.2200
  207833.7300
  207953.9700
  208219.7700
  208421.4300
  208806.7500
  209286.0900
  209460.8100
  209918.7900
  210128.1000
  210160.9800
  210225.4800
  210848.9100
  210927.3000
  211455.8700
  211823.9700
  211835.8200
  212080.9800
  212878.3500
  212942.2500
  213045.6900
  213222.8400
  213507.3000
  213878.9100
  213894.0900
  214506.0900
  214634.6700
  214671.5100
  214762.3800
  214960.6200
  215245.9200
  215753.6100
  216007.6800
  216012.5700
  216017.3700
  216071.6100
  216817.0500
  217222.8900
  217249.0500
  217459.3800
  217701.7500
  217826.4000
  217998.4800
  218184.6300
  218240.7600
  220153.3800
  220223.8200
  220242.2700
  220954.4700
  221202.8700
  221629.1100
  222600.9300
  222612.1500
  222731.5200
  223015.8900
  224574.6300
  225594.3600
  225760.3200
  225910.5000
  226638.4500
  226837.9800
  227025.4500
  227601.1500
  227733.1200
  228006.8400
  228088.7700
  228377.8200
  229205.7900
  229594.6200
  229673.7000
  230745.3900
  231124.8300
  231246.1500
  231517.4400
  231904.6500
  234269.9100
  234431.0700
  234486.9000
  234537.3600
  234682.8600
  234867.2400
  235407.5100
  235477.6500
  235750.6500
  236611.0500
  236927.1600
  238883.7600
  239088.9900
  239587.5000
  240338.3700
  241107.2400
  242190.9900
  242214.8700
  242630.6400
  243162.4800
  244006.6800
  244161.3300
  244302.7800
  245872.9200
  245893.6200
  245946.6000
  245949.9300
  247359.9000
  247467.7800
  247681.3500
  247787.4000
  248037.6900
  248594.1600
  248618.1000
  249184.4700
  249674.8800
  252177.1200
  252762.7200
  253039.4100
  253576.1100
  253931.2800
  254568.3300
  254767.6800
  255713.9700
  256088.9100
  256657.4700
  256678.0200
  257354.7000
  258064.8900
  258193.5900
  258547.1400
  259427.7900
  259495.7400
  260816.2500
  261168.7800
  261403.5600
  261783.8100
  264011.1900
  265016.3400
  265861.8300
  266144.5800
  266347.1400
  268277.4600
  268709.8800
  268910.0700
  268927.1700
  269414.3400
  269525.3400
  270162.1500
  270175.5600
  270230.8200
  270906.8400
  271668.9900
  271890.5400
  276034.5600
  276065.4000
  276225.0600
  276468.5400
  277595.5800
  278180.9700
  278266.5000
  279364.5000
  279745.6200
  279825.6000
  280298.6100
  281113.0500
  281212.9500
  281671.9800
  281841.4500
  281884.3800
  282230.6700
  282234.9300
  282607.3800
  282812.1600
  282918.6000
  283192.6800
  284367.3600
  284716.0500
  285057.0600
  285321.9600
  285574.5600
  285591.3000
  285792.6000
  286756.1100
  286771.6200
  286930.8600
  286996.2900
  287038.0500
  287171.0400
  287634.0600
  287788.2900
  288162.0000
  288760.1400
  289283.6700
  290049.8700
  290073.0900
  290292.3900
  290913.7200
  291379.8000
  291412.5300
  291811.2600
  292326.7800
  292806.2400
  293734.9800
  293747.1000
  294183.8700
  294663.0300
  297208.2600
  297232.3200
  298507.6200
  299116.4100
  299472.4800
  299789.7900
  300843.6600
  301613.6400
  303160.5600
  303395.4900
  303494.4300
  303518.4900
  304384.2600
  304779.6000
  305264.7900
  306908.7000
  307146.6300
  308459.1300
  308791.1400
  308797.7100
  308859.8700
  309257.8800
  309490.2000
  309530.3400
  309776.8500
  310122.7200
  310283.4300
  310879.2900
  311909.9100
  312074.7600
  312092.4300
  312266.6700
  312674.0700
  313759.8300
  313989.6300
  314446.3200
  315490.8300
  316091.1000
  317321.7000
  317890.2000
  319268.1000
  319656.2100
  319661.8200
  320077.2300
  320465.1600
  321376.1700
  321567.1200
  321941.3700
  322092.1800
  322095.9300
  322157.5800
  323177.8200
  323481.3600
  325467.3000
  327435.3300
  329242.2600
  329494.0500
  330814.6200
  331401.7500
  331575.6600
  332048.6100
  332834.8500
  333025.3200
  336065.5200
  337631.2500
  338044.8300
  338942.2800
  339553.8600
  339649.1700
  340627.7100
  343054.5900
  343833.9300
  344894.3400
  345055.5900
  345198.5700
  345627.6600
  347055.3600
  348337.1100
  349503.5100
  350281.7100
  350700.4500
  351374.1300
  352385.3700
  353321.3400
  353486.2200
  354183.7800
  356787.0300
  357797.7000
  360145.5000
  361642.9200
  361711.9500
  363794.8200
  364019.9700
  364965.9000
  366613.9800
  367394.9700
  368275.8600
  370527.4200
  370890.7200
  371073.2700
  374616.9300
  376716.3300
  377964.9000
  378094.0200
  381805.5000
  382951.9500
  384429.4200
  386209.0200
  387684.7500
  388005.4800
  388038.1200
  389044.0800
  389365.3500
  390437.9700
  392000.6400
  392125.1700
  392393.0700
  393875.7000
  393880.9200
  394076.1000
  394285.3500
  394793.8800
  394990.0500
  396352.2300
  397006.5300
  397079.4000
  397198.2000
  397753.3800
  397919.7900
  398655.4500
  398690.0700
  399148.7700
  400567.8900
  401527.2600
  403753.1700
  404486.7900
  405348.4500
  407466.6600
  408171.7500
  408731.9400
  409241.4300
  410841.1200
  410904.4500
  412366.1400
  420536.1000
  421179.4200
  421953.5400
  423946.2300
  424259.6400
  424446.0900
  427209.1200
  427778.0700
  427914.0600
  428421.1800
  429964.3200
  430994.8200
  431818.0200
  432046.8600
  432357.5400
  434087.1600
  434113.4100
  434234.3700
  434287.1400
  434433.2400
  434549.3400
  434794.3500
  434814.7800
  435108.1200
  435158.8500
  435686.4300
  436091.6100
  436716.7500
  437133.9000
  437212.0200
  439170.2100
  440008.2000
  441068.9400
  441132.3900
  441286.5000
  441402.9300
  442635.6600
  444024.9000
  444678.3000
  445007.0100
  445039.4400
  445578.4800
  445708.8300
  446406.5100
  446445.5700
  446769.3900
  447064.9800
  447099.4500
  448585.0200
  448810.5300
  449522.9400
  450335.9400
  450444.4500
  450449.7300
  453293.4600
  455656.4100
  455710.3200
  455892.2700
  455909.5800
  456050.8800
  456158.5500
  456299.2500
  456336.4500
  456718.8900
  458424.6300
  458471.5500
  459328.0800
  459355.9800
  460683.4200
  461377.2300
  462040.3800
  462481.3500
  463852.5600
  464053.0800
  464155.0500
  464316.1800
  464586.4800
  465017.7600
  465212.8800
  465352.8000
  467103.0900
  467176.8600
  467327.4300
  467649.7800
  467915.2800
  467934.6300
  468338.5800
  468594.4200
  469216.0500
  469572.4200
  469608.7500
  470782.3200
  473926.1700
  474166.8900
  475953.6600
  476769.1200
  476892.1500
  477685.5000
  477868.8300
  478098.9900
  478377.9000
  478799.8200
  479073.5100
  479588.1600
  479898.6900
  479982.3300
  480112.7400
  480264.3000
  482128.5000
  483796.3500
  484550.4300
  485471.8500
  485513.8200
  486268.2600
  486724.6800
  487342.3800
  488920.9800
  489324.0300
  489933.9300
  491250.6000
  491514.8400
  493532.1300
  494028.0900
  494172.6000
  495638.0700
  495975.6900
  498149.6400
  499268.3700
  500347.9200
  501507.0900
  501955.0200
  502147.9200
  502647.2400
  503749.4700
  504743.2800
  505099.5300
  506831.5200
  507126.6600
  507505.6500
  507960.2100
  508775.6400
  508920.2400
  510323.7000
  510358.2900
  510409.0500
  510511.6500
  510516.4200
  510624.1800
  512537.7000
  512579.7900
  512600.9100
  512650.2000
  512699.8200
  512826.7200
  512904.5100
  514973.7000
  515249.9400
  516314.8500
  516465.9900
  516985.2900
  517426.6500
  519449.0700
  521493.1800
  521661.1500
  522302.0400
  523819.2300
  524356.6500
  525889.2000
  525898.0500
  525934.9800
  526067.9700
  526074.6000
  526264.0500
  526288.9800
  526552.8600
  528095.4600
  528113.2800
  528337.9800
  528403.3800
  528487.2300
  528520.9800
  528589.9500
  530014.6500
  530022.2100
  530098.7100
  530179.7700
  530921.6400
  532307.0100
  532344.5700
  532439.0100
  534279.3300
  534321.9000
  534345.8100
  534413.8800
  534535.4700
  534889.8300
  535041.6600
  535150.6200
  535297.7700
  535967.8500
  536204.8800
  536511.6600
  537776.9400
  538668.6600
  538720.1700
  538964.9700
  541018.5900
  541160.9700
  541274.4900
  542153.6700
  543273.7800
  543312.2100
  545605.8300
  545661.9000
  546311.1300
  547402.5900
  547589.9700
  547731.3000
  547803.8400
  547818.5400
  548006.1600
  548354.9700
  548922.9300
  549990.0300
  550396.5300
  550951.6500
  552079.7400
  552188.9700
  552357.0300
  552488.3400
  552536.4000
  553291.4400
  553343.0100
  553593.9900
  553720.8900
  555304.6500
  556464.2400
  557101.8000
  557294.1000
  557932.9500
  558188.7600
  558315.6900
  559342.8000
  559424.1000
  559459.6500
  560653.2300
  562531.8300
  563522.9100
  563978.7000
  564867.9300
  566028.0300
  566549.9400
  567727.7700
  567796.8900
  567815.1600
  568168.4700
  568522.5000
  569988.1500
  570203.7000
  572482.0800
  573691.7400
  574486.9500
  575741.9100
  576341.9400
  578067.2100
  581788.3800
  582059.6700
  582252.6300
  584236.7100
  586458.4200
  590731.3500
  590914.7400
  592928.3100
  593525.5200
  595407.9900
  596775.6900
