Event parameters: 20120411d_freqx2_3.flt
      On time
   37190.3700
   39578.3700
   47183.4600
   47379.5700
   48988.5000
   49948.7700
   53875.0200
   58377.8100
   83529.0000
   95104.5000
  118278.2700
  118468.5900
  118561.1100
  130619.6700
  204606.7800
  206736.0600
  210622.7400
  216999.9900
  217647.6000
  220215.2700
  222623.8800
  223205.0700
  230832.8100
  234869.9100
  246949.3200
  283011.4500
  286196.0400
  287141.0100
  311100.0000
  312666.4500
  319631.2200
  325414.2600
  327420.2100
  511013.3100
  515406.1500
  537289.3200
  541662.7200
  550572.4500
