Event parameters: 20120411d_freqx2_3.flt
      On time
   32852.5500
   32926.4100
   33156.1500
   33204.3300
   33227.2200
   33706.8000
   36466.3500
   37049.2500
   37312.7400
   37856.3400
   38687.9400
   42581.0400
   42903.7500
   44105.7600
   45181.4700
   48732.9900
   49690.2300
   49956.9900
   50347.8000
   52614.8400
   53878.2300
   55911.1200
   55937.8500
   56326.5600
   58135.6800
   60945.2700
   61039.9200
   62666.7300
   63022.8600
   63538.9800
   69732.2700
   73351.7100
   74328.1500
   82214.2500
   87188.2800
   92690.0400
   96496.6500
   97679.2500
   97694.3400
  104269.6800
  110428.5000
  112133.2500
  115736.0100
  115980.6300
  115989.6300
  117319.6200
  117965.9100
  118121.4000
  118622.3400
  119112.4800
  119688.7500
  119719.3200
  122641.4400
  123270.6600
  127440.6000
  130141.1100
  130576.6200
  156257.1900
  202043.4600
  204561.9300
  204848.1300
  206077.5600
  206646.3900
  209723.9700
  211089.3900
  212668.5600
  212893.2600
  213257.1900
  214630.4700
  216262.6200
  216484.1100
  216666.5100
  220416.7800
  220517.8200
  222269.5500
  222482.4000
  224553.3600
  225949.0200
  226617.3600
  226836.4500
  231171.8100
  231349.8900
  231948.3300
  234936.0000
  236915.1900
  239033.6700
  246158.1000
  246734.1000
  246946.2900
  247628.3700
  248490.4500
  249030.8700
  259441.2900
  268385.5200
  273688.2600
  276023.5800
  278281.7400
  278862.1800
  280472.6400
  281676.3300
  282340.6800
  282400.0800
  283356.5700
  284406.7500
  284932.1400
  284936.4300
  285050.2200
  285469.1400
  287863.6200
  288799.5300
  291469.6200
  299375.3400
  302636.8500
  303216.0300
  303521.2800
  307744.3800
  307747.5600
  307759.0800
  315400.0200
  321308.4900
  322096.6500
  331517.8800
  394961.1300
  394965.8400
  398149.2900
  399078.6000
  399340.9500
  433826.8200
  454784.1900
  454874.1000
  465443.4600
  476322.6000
  508792.5300
  510978.5400
  511028.1000
  514301.2800
  515407.5900
  520035.4500
  526726.0800
  540691.1100
  541871.1600
  548533.8900
  549881.4900
  565191.7800
  594598.1700
