Event parameters: 20120411d_freqx2_3.flt
      On time
   32848.2000
   36428.3400
   54574.2900
   60501.9000
   64429.1700
   74148.8400
   78876.2400
   80440.7400
   81748.8000
   92144.6100
  101831.4600
  105373.0200
  116695.4100
  136815.0900
  153965.9100
  202967.7000
  207687.0300
  212265.2100
  213095.4600
  248740.3200
  254161.2900
  286247.3400
  332716.9800
  337891.1400
  390393.0900
  446842.7100
  471791.2200
  483822.4200
  488316.3900
  517537.4100
  522069.7500
  529451.9100
  545076.6000
