Event parameters: 20120411d_freqx2_3.flt
      On time
     429.7500
    1318.6200
    4633.3500
    8108.5800
    9265.5600
   12202.8900
   15702.5100
   16007.0400
   16478.7300
   19192.5600
   22708.8000
   24030.7500
   31735.4700
   32791.8300
   33164.2500
   33742.3800
   33886.3200
   33939.4500
   35103.4200
   35359.1700
   37028.3400
   39491.9100
   43053.4500
   43180.8000
   43833.8700
   44042.3100
   46629.7800
   47750.6100
   47829.3900
   48182.5500
   48354.9900
   48528.9300
   48766.5300
   48872.7300
   49199.5800
   52607.2800
   55046.6100
   55330.2300
   56387.0100
   58287.6000
   58739.4000
   60705.4500
   60803.0700
   62698.8600
   62898.3600
   63370.2900
   63592.4100
   68630.1300
   69216.1200
   80374.7400
   80846.8800
   86774.7600
   92089.6800
   94270.1400
   95952.2100
  102553.5300
  103490.3400
  104237.2500
  110443.8900
  110542.6800
  111783.8400
  112070.1000
  112166.1300
  112823.5800
  115685.9700
  115732.1400
  115806.2100
  116213.7900
  116754.0600
  119371.9200
  120001.4100
  122744.3400
  125698.5600
  130372.2600
  130620.8100
  140157.0600
  140185.3500
  140276.4600
  140360.0400
  145340.5500
  163765.3200
  166677.7500
  166963.5300
  167193.7800
  170528.5500
  170754.3900
  178139.0400
  178602.9600
  178748.6400
  179844.7500
  188348.3100
  189033.1800
  189675.9600
  193296.2700
  193626.4500
  194731.2900
  197796.0900
  198414.0000
  201471.2100
  201503.9400
  201533.0100
  204816.1500
  205167.3000
  206379.3000
  207043.6500
  215926.4700
  219434.4600
  219724.5600
  221148.7200
  222314.8500
  222512.1000
  222862.4400
  223965.6600
  230913.0000
  231072.3600
  233484.9600
  241042.8000
  241318.9200
  241538.1300
  241884.7500
  242465.9100
  245752.1100
  247328.3400
  247901.3100
  259449.1800
  268631.7300
  268883.0700
  269239.4700
  270152.8500
  270745.0800
  270862.2900
  272363.9100
  273289.8600
  279426.4500
  280030.7700
  280405.8600
  280615.1400
  282200.2200
  289815.1500
  293961.9300
  296960.9400
  300644.1300
  302593.9500
  302796.3900
  303924.0900
  304719.0000
  305634.4500
  312669.8400
  316083.3900
  316248.4500
  317286.2700
  317297.4600
  317301.3900
  321990.6900
  322073.7900
  326437.7100
  333126.1500
  334185.1800
  336758.2800
  347179.5000
  348297.1500
  348443.5200
  355225.6800
  355536.6600
  363096.9300
  367165.3800
  371223.5700
  371280.6300
  372693.8700
  377752.3200
  382831.9200
  389187.0000
  396779.0100
  398685.8100
  399401.4600
  400146.1800
  401173.0500
  406438.0500
  410332.3200
  410500.6500
  411526.3800
  417315.1800
  426631.0800
  428303.7600
  429803.7300
  433765.1100
  440381.8800
  441130.5600
  444185.0400
  444212.0400
  444269.9100
  444365.3100
  454705.1100
  454813.8600
  454906.5600
  454934.4300
  455023.8000
  465540.1500
  465570.6300
  465719.2200
  472980.0000
  476570.7300
  481691.9100
  487195.3800
  487549.3800
  487611.6300
  505536.9900
  508755.2700
  508838.2500
  508905.3000
  509085.8700
  509122.8000
  509307.3900
  509869.8600
  509959.8900
  510099.6300
  511195.2300
  511337.7600
  513229.5000
  513347.3700
  513707.1600
  514246.1700
  515552.4000
  515733.9300
  517749.0600
  517988.4900
  520006.5900
  520248.7200
  522208.2600
  522993.2400
  524410.0800
  524609.0400
  524717.0700
  526770.6600
  527841.9600
  528997.0800
  530636.5800
  531409.4700
  531521.9400
  532601.1000
  532775.1000
  532792.4400
  534924.5400
  535051.5000
  537346.5600
  537404.8800
  537686.6700
  538435.3200
  539419.3800
  539838.1800
  541554.4500
  541833.6900
  543711.3600
  544914.7500
  546495.1800
  547202.0700
  547381.5300
  548686.3800
  550537.5600
  550619.7600
  565070.9700
  565102.3500
  565162.0200
  565280.4600
  565285.7700
  565342.2300
  565459.3800
  565516.6500
  569308.9500
  573650.6100
  574458.7200
  576993.0600
  577272.0000
  583744.9800
  585502.4700
  589554.8400
  591215.6700
  591858.6600
  592818.8400
  593413.9500
  598019.8500
  598100.3700
