Event parameters: 20120411d_freqx2_3.flt
      On time
   22280.7600
   23758.4400
   30461.7000
   30487.1400
   48132.8100
   48284.7300
   52467.7800
   52526.0400
   53191.8000
   54698.0100
   56853.6000
   56903.5200
   58575.6600
   59822.3100
   60469.2900
   64309.1100
   65338.6800
   66354.4800
   69441.6000
   75397.5000
   83329.0800
   87611.2500
   91092.7500
   92306.4900
   94696.5900
  108823.9800
  117559.5900
  120401.7300
  123286.1400
  125831.5200
  127524.3000
  128781.1200
  128834.5800
  129654.0900
  131101.3500
  131184.3000
  131677.7700
  135085.4700
  138619.5600
  140049.8100
  152533.2300
  156387.3300
  158274.9900
  173099.7000
  184695.7500
  197781.2700
  201869.4900
  207640.8600
  212117.7000
  220482.6900
  220499.4300
  222815.3400
  230685.0900
  230694.8700
  234134.4600
  238099.5600
  239672.4600
  240584.5800
  244481.8500
  248971.1100
  274093.5900
  289416.9000
  295484.9700
  300838.5000
  302327.1000
  307472.2200
  307934.5800
  308793.6900
  309450.2700
  326998.3200
  328222.7400
  329116.6800
  330449.3700
  330537.9600
  348511.6800
  355265.2200
  359511.8400
  363137.9400
  369168.7800
  369512.5200
  377177.5200
  380326.6500
  388905.3900
  391056.8400
  393951.8700
  395616.3300
  396736.3500
  398237.2800
  400158.9300
  401599.0200
  403533.2100
  410441.8200
  424721.7900
  425288.0100
  426669.3900
  437904.6000
  438155.2200
  442701.6300
  444987.3600
  452045.9100
  462455.4000
  466015.5600
  468338.5800
  474031.6800
  474457.0200
  477219.0300
  480952.5000
  487270.7400
  488543.7900
  498975.4200
  501032.6100
  507481.6800
  509074.2900
  509880.6600
  511219.0200
  511341.8400
  511526.5500
  517025.4300
  519689.0100
  519841.7400
  520144.4100
  520583.8500
  522294.6900
  522618.7800
  528424.2600
  534487.8900
  535257.4500
  538801.8900
  540262.5900
  540356.4300
  542502.9300
  543267.8100
  544008.9300
  544143.3300
  545130.1500
  550059.4200
  552739.6500
  555187.3800
  561720.5100
  575972.9100
  578684.2800
  589540.5300
  589889.0700
  590314.5000
