Event parameters: 20120411d_freqx2_3.flt
      On time
      60.5100
    1736.4000
    2333.6700
    2549.9700
    2930.9700
    3397.9800
    3765.7200
    4024.0800
    4433.1000
    4883.3100
    4908.3000
    5084.2200
    5611.7100
    5889.6300
    6306.9300
    6449.9400
    6782.4300
    7521.7200
    7548.9000
    8415.7800
    8729.4000
    8839.4100
    9290.1600
    9546.2700
    9696.4800
   10018.2000
   10157.0400
   10488.6300
   10851.0900
   10903.7700
   11132.2500
   11294.8500
   11373.0900
   11556.3600
   11701.4100
   11840.5200
   12712.9800
   13005.6600
   13646.7300
   13886.8500
   14730.5400
   14862.0900
   14970.1200
   15609.9000
   15694.4100
   15864.3000
   16171.0500
   16332.0300
   16777.3500
   16854.8700
   16992.9300
   17485.7700
   17969.3700
   18684.3900
   18934.3200
   19061.0400
   19220.9700
   19799.1600
   19941.0600
   20023.2600
   20127.7200
   20209.1700
   20331.5400
   21290.9100
   21560.4900
   22509.6000
   23270.8800
   23880.9000
   23895.4200
   24192.4800
   25158.1500
   25728.8100
   26602.1400
   26908.2000
   27404.8200
   27449.5200
   27999.2100
   28770.3300
   29087.8200
   30560.7900
   32269.9800
   32433.3300
   33671.0700
   33763.6200
   33909.5400
   34164.9600
   34192.2600
   34219.8600
   34253.3100
   34446.5700
   34476.4800
   34759.1400
   34806.0300
   35044.6200
   35286.8400
   35516.3400
   35608.5000
   35746.9200
   36312.7800
   38173.3200
   39736.9200
   41743.6500
   43062.2400
   43431.9300
   43454.1900
   43528.4700
   43678.0200
   43932.1500
   44672.2800
   45425.7600
   46314.7800
   47250.0600
   48444.0900
   48554.3700
   48557.8500
   51943.9200
   53078.4000
   53141.8500
   53233.8000
   54938.9100
   54956.8500
   55416.7500
   55890.0300
   56121.9600
   56314.8600
   57745.6200
   57963.2700
   58394.1600
   59859.3300
   60731.7900
   61022.2500
   61108.5000
   61180.7700
   61653.1500
   62009.8200
   62150.5500
   62179.6200
   62420.3400
   62489.4300
   62653.9500
   63684.1800
   64531.0800
   67249.2900
   68208.0900
   68501.1600
   68530.5600
   68759.9400
   68798.4600
   69343.2000
   69399.7500
   70191.5700
   70387.0200
   70779.8100
   70889.7900
   73684.8000
   74516.8500
   75912.0000
   76467.1200
   76816.8600
   77995.5900
   78402.6000
   78786.3300
   79324.2000
   79610.6400
   80552.4900
   80980.2000
   81533.1000
   83558.3700
   86708.4900
   86743.0500
   88742.7600
   89963.4900
   92088.2400
   92185.3500
   93026.1300
   95194.2300
   96573.7200
   96797.7900
   97558.2600
   98855.0700
  100762.5000
  102042.9300
  102136.8300
  102527.2800
  103529.9100
  103836.2400
  104016.5700
  104631.9900
  105022.1400
  105031.5300
  106768.8600
  107926.1400
  108003.5100
  108347.1600
  108892.5300
  110464.6200
  110561.0700
  111434.0100
  111721.7700
  112068.1800
  112159.3500
  112246.6500
  112449.8400
  112684.7700
  112715.9400
  112738.4100
  112850.6100
  113099.7600
  113381.2800
  113462.1300
  113490.3900
  113516.6100
  113632.6800
  113743.0500
  113791.4400
  113873.2800
  113953.2900
  114005.5800
  114161.4300
  114442.8600
  114474.1800
  114565.1400
  114644.5500
  114754.0500
  114835.0200
  115145.6100
  115196.4900
  115225.4400
  115344.2100
  115619.0400
  115643.5200
  116798.1600
  116860.5000
  117338.1000
  118262.4300
  120294.3000
  122678.3400
  122999.9400
  123551.7300
  123580.5600
  123693.9000
  124250.6700
  124506.6900
  126252.8100
  126591.8700
  129002.4000
  130601.0400
  130730.9700
  131753.8800
  132036.3300
  132499.8300
  132560.4300
  132741.9900
  132782.7600
  134865.9300
  134922.6300
  135208.1100
  135715.0500
  136416.5100
  137361.2700
  138029.1000
  139372.5300
  139511.4600
  140268.7200
  140418.3300
  140696.8500
  141106.2600
  141346.0800
  141460.2300
  141528.5100
  141633.8700
  141774.6600
  142105.1100
  142389.0600
  142451.3700
  142555.4700
  142617.7200
  142987.4400
  143152.2900
  143155.6800
  143209.2300
  143386.0800
  143412.5100
  143613.3600
  143837.4000
  144060.8400
  144142.7700
  144465.6900
  144583.2300
  145188.0300
  145835.0400
  146259.0600
  146410.6500
  146683.2300
  147258.6000
  147566.9100
  147685.0500
  147874.9200
  148135.0800
  148401.5100
  148518.7200
  148658.7000
  148689.7500
  148884.9600
  149093.4900
  149351.5500
  149491.8300
  149694.5400
  149719.5000
  150907.2600
  151193.7000
  151249.5000
  151764.4500
  151816.5300
  152111.2800
  152165.7300
  152468.3700
  152593.8600
  152733.5700
  152935.1700
  153397.9800
  153572.2800
  153606.7500
  153908.7900
  154149.8400
  154256.1000
  154935.9300
  155055.3000
  155230.7400
  155311.2000
  155532.0900
  155632.1400
  155864.5500
  156007.3500
  156057.0600
  156513.6900
  156649.0800
  156773.7600
  156957.5700
  156983.5500
  157140.6600
  157472.2200
  157635.6000
  159240.7800
  160715.5200
  160945.3200
  163233.1200
  163446.1200
  164961.1500
  166337.0100
  166455.0300
  167102.2500
  167900.8800
  168203.7600
  168618.3300
  169352.7300
  169894.4100
  170952.1800
  171243.5700
  172097.3400
  172226.7000
  172900.9200
  173615.6100
  174860.9700
  174949.3500
  176783.2800
  177312.3000
  178137.0300
  178192.9200
  178275.3000
  178592.3100
  179352.5100
  179838.3900
  180392.1000
  180473.4900
  181963.2600
  182617.8900
  182764.4400
  183015.6600
  183500.7300
  183540.3600
  183700.8000
  184614.6000
  184758.8100
  185504.2800
  185776.7100
  185779.8000
  186285.6600
  186455.2800
  186713.2500
  186796.9500
  187046.3400
  187158.9000
  187334.4000
  187672.7700
  187868.4300
  188007.3900
  188279.2800
  188724.3600
  189616.2900
  190223.3700
  190364.5800
  190689.8100
  190921.9200
  191256.2700
  191452.0200
  191906.6400
  192195.3600
  192736.6200
  192808.5600
  193153.9500
  193235.1900
  193619.9400
  193849.9500
  194113.9800
  194727.9900
  194986.2600
  195129.2700
  195273.9600
  195418.6500
  195587.7000
  196229.2800
  197576.4300
  197736.8400
  197822.5800
  198506.0100
  199043.4900
  199159.8900
  199219.8300
  200345.2800
  200609.5500
  200815.9500
  200994.0600
  201500.6400
  201529.4700
  201552.6300
  202281.7200
  202513.5900
  203115.2700
  205087.8300
  206253.5700
  207954.9900
  208341.3300
  208816.3500
  209049.1200
  210713.5500
  211329.1800
  213014.9400
  214387.3500
  214430.7900
  215270.0400
  215306.9100
  215998.8000
  216116.5800
  218248.7700
  219922.6200
  220679.8500
  221317.7700
  221433.3900
  222991.2600
  225692.9100
  226595.6700
  226807.8600
  226932.4200
  227071.0200
  227438.1000
  227490.6300
  228825.3300
  229358.4600
  229914.4200
  230338.9800
  230535.9600
  231525.7200
  231734.1000
  231969.6600
  232121.8800
  232264.6500
  232297.3500
  232374.0900
  232441.8900
  232519.4100
  232645.1700
  232816.0500
  233220.3300
  233282.4300
  233428.9800
  233584.7400
  233907.2700
  234052.4700
  234232.7100
  234355.4700
  235306.2300
  235766.9400
  236235.1500
  236444.0700
  236941.3800
  238242.4800
  238618.2000
  238984.0200
  239102.1300
  239958.1500
  240625.2000
  241407.8100
  242302.6200
  242392.7700
  242439.7200
  243579.6000
  245984.4600
  246011.5800
  246081.0000
  246788.6100
  249922.8600
  250519.0800
  250658.1900
  251454.8100
  251904.7500
  252919.2600
  253047.9600
  255883.2000
  256708.9200
  257008.4700
  257093.6400
  258534.7800
  264630.5400
  265086.5700
  265211.1300
  266682.6600
  268629.8100
  268691.3400
  268881.7200
  268968.0000
  268988.8500
  269091.4800
  269333.8500
  269438.4900
  269502.3900
  270512.8500
  270541.6200
  270730.7700
  271215.5700
  272539.8900
  272577.2100
  272925.6900
  273232.7700
  273407.1600
  273804.2100
  274258.9800
  274598.2200
  274961.7000
  275364.0300
  275409.9900
  275658.6900
  276296.1600
  277522.3800
  277670.2200
  277809.7500
  277911.3900
  279223.3800
  280140.4500
  280269.8400
  280408.9200
  281601.3600
  282046.7400
  284233.9200
  284716.9500
  285471.4200
  285687.1800
  286439.5800
  286809.0900
  287535.5700
  288736.5300
  289049.9700
  290236.9200
  290441.4600
  290661.9600
  290759.7300
  291129.4200
  291556.5000
  292050.2100
  292340.2200
  292581.6300
  293175.2100
  293338.7400
  294494.0100
  294521.8800
  295914.3300
  296559.8100
  297514.8300
  299110.5300
  299291.2500
  299805.6300
  300199.1100
  300518.1900
  300731.1600
  301039.0500
  301292.0700
  302916.7500
  303512.0700
  304513.5900
  304975.5600
  305375.9100
  305658.9600
  305838.4200
  306048.4800
  306219.7500
  306512.8200
  307008.9900
  309370.7100
  310204.8600
  311288.1000
  312842.0100
  313542.9900
  314498.3400
  315677.5800
  317021.2800
  318300.1500
  320227.3200
  321558.7200
  322231.6200
  322277.1900
  323019.5400
  323874.6000
  323928.7200
  324073.7700
  325173.3300
  325665.0300
  325875.0300
  325973.2800
  326319.9600
  328434.0000
  329339.1000
  333120.8700
  333214.4400
  333330.7800
  333417.3300
  333554.4300
  333785.2500
  333843.9900
  333872.4000
  333905.9100
  334125.6900
  334422.3900
  334648.5900
  334763.2500
  334967.1600
  335449.3800
  335671.7400
  335781.5400
  335811.5700
  335840.1900
  336101.3400
  336409.8000
  336520.1400
  336639.0600
  336972.4500
  337150.8300
  337232.5800
  337565.4600
  337597.9800
  337656.0000
  337842.6300
  338422.8300
  339338.4300
  339596.3700
  339849.6600
  340140.2100
  340246.9800
  340660.9500
  341212.5600
  341261.5200
  341288.0100
  341610.4200
  341722.0500
  341903.3700
  342561.7800
  342653.7300
  342736.6200
  343104.8700
  343806.9000
  344005.2000
  344060.5200
  344197.2300
  344338.5600
  344494.7400
  345426.6300
  345483.0900
  345540.8400
  345762.9900
  345843.5100
  345936.9300
  345968.5500
  345996.6900
  346085.8200
  346199.7000
  346559.9700
  346578.6000
  346721.1600
  347279.1000
  347311.6200
  348631.3800
  349016.8500
  349510.5000
  349537.6500
  349654.9200
  349842.1800
  350390.5200
  350485.1100
  350564.3700
  350772.6000
  350996.0700
  351049.9500
  351399.7800
  351475.2900
  351901.5600
  352042.6200
  352684.8600
  352825.3200
  353077.3800
  353628.5700
  353750.2500
  353807.7600
  354639.4800
  355241.9700
  355557.9300
  356263.1100
  356456.1900
  356750.2500
  356782.4700
  356863.9200
  356915.0100
  357341.1000
  357463.2000
  357772.9500
  358080.4800
  358839.4800
  358923.1800
  359313.6600
  359372.5500
  359629.3800
  359806.2000
  359928.3600
  360063.1800
  360262.4100
  360664.5000
  360800.5200
  361059.6300
  361764.7500
  362245.2600
  362402.4000
  362480.7300
  362577.5100
  362942.7000
  363035.4000
  363143.4300
  363286.6200
  363806.9400
  363950.8200
  363980.6700
  364061.7900
  364286.5500
  364694.1000
  365007.5100
  365547.7500
  365736.7500
  366310.7100
  367300.4400
  367469.8500
  367641.3900
  367776.3900
  368015.4300
  368241.9600
  368826.7800
  369048.9300
  369375.2700
  369857.3400
  370189.7700
  370219.8600
  370542.8700
  370962.7800
  371220.8700
  373863.6600
  374214.0300
  376818.3000
  378547.1400
  378778.4100
  378952.6800
  380833.8300
  381002.0700
  381497.0400
  381736.1700
  382770.6300
  382907.7000
  383161.9200
  383879.9700
  384434.9700
  386092.3800
  387028.0500
  387200.3700
  387283.5300
  387805.8300
  388270.8000
  388535.7300
  388682.7300
  388706.7600
  388765.5600
  389517.2400
  390016.1700
  390557.6100
  390809.2800
  391467.6300
  392128.8000
  392463.6300
  392551.3200
  393578.5200
  393784.1700
  394375.0200
  394692.9300
  395425.2900
  395572.2000
  395894.4300
  396010.9200
  397949.7900
  399086.2200
  399308.4900
  399396.2100
  399543.6600
  399795.6900
  399912.3600
  400162.3800
  401222.0100
  401254.0200
  401900.0400
  402186.8700
  403459.9500
  403819.4400
  403896.1200
  404151.8100
  404210.2200
  404566.5600
  404860.2300
  405118.9500
  405401.8500
  405566.0400
  405649.6800
  406569.0300
  407080.0800
  407502.7800
  407967.0000
  408159.7200
  408228.4800
  408385.1400
  408985.2600
  409314.9300
  409752.0900
  409809.9000
  410145.4800
  411005.1900
  411114.8700
  412026.2400
  412263.9300
  412583.9100
  412951.3500
  413051.4900
  413675.0100
  415831.2900
  416219.1900
  417253.7100
  417332.1900
  417417.0300
  417714.6600
  418107.5400
  418445.3100
  418656.4200
  418841.2800
  418922.7000
  419675.2200
  420829.5600
  420890.1300
  421124.5200
  421527.7500
  422738.3400
  423130.6800
  423958.8900
  424014.7500
  424741.6800
  425062.2600
  426572.1900
  427338.4500
  427513.6500
  428155.0800
  428856.7500
  429007.1700
  429482.7900
  430041.8400
  430157.8200
  430757.2800
  431643.0300
  431953.5000
  432156.4800
  433789.3500
  433822.5900
  433907.9100
  435058.7100
  435981.7800
  436191.1200
  436298.1000
  436939.9800
  437901.2400
  438208.4700
  438304.5000
  439072.5000
  440400.6300
  441787.3200
  442730.4300
  442884.1200
  443269.1400
  443654.9100
  444148.0200
  446242.6200
  446313.3900
  448030.2900
  448376.6100
  448442.4300
  450177.7500
  450518.3700
  450657.8400
  451190.5800
  452453.5800
  452670.1800
  454871.7900
  455199.9000
  455252.4600
  455545.5000
  455885.2200
  455989.2300
  456366.8100
  456971.2200
  458764.2600
  459066.2700
  460565.0400
  463463.2200
  463768.7700
  465392.7600
  465476.4300
  465913.9800
  465932.2200
  465976.6200
  466294.9800
  466397.4000
  466497.2700
  466642.7700
  466842.0000
  467625.6900
  469345.5900
  470486.0100
  470735.6700
  471419.9400
  471759.6300
  472073.1900
  472734.1200
  472976.9100
  473805.9300
  474763.2900
  475386.0300
  476318.7300
  476409.2400
  476480.4600
  477090.6900
  477238.5300
  477817.5000
  478358.3700
  480663.4800
  482670.4200
  483151.2900
  483523.5900
  483818.5500
  483879.0000
  485489.4900
  485674.0800
  485950.0200
  486171.1500
  487192.0500
  487338.9000
  487395.9900
  487486.1100
  487547.9400
  487613.2800
  487677.5700
  487888.4700
  488492.5500
  489372.7800
  493775.1000
  494013.7500
  494325.0300
  494329.3500
  495437.9400
  495850.3200
  496199.7300
  497025.3600
  499240.6800
  499280.6100
  499549.2000
  501084.0600
  501249.2400
  501864.7800
  502336.0500
  502548.6000
  502918.8900
  503185.0500
  503553.5100
  503577.2400
  503805.3000
  506383.8300
  506668.4700
  508611.1200
  508667.0700
  508940.0400
  509082.3000
  509227.5900
  509265.3000
  509410.3500
  509667.9600
  509710.8600
  509811.9900
  509852.0700
  509951.8200
  510016.5000
  510188.2200
  510608.5500
  510714.6000
  510777.7500
  510842.4300
  511202.1000
  511334.5200
  511904.4600
  511935.6600
  512055.6300
  512220.5400
  512878.6500
  513172.1700
  513484.3200
  513494.9100
  514159.1400
  514186.5900
  514353.9300
  514714.6800
  515073.6900
  515547.5400
  515731.0800
  515765.1900
  515801.4000
  515970.4800
  516305.7300
  516571.7400
  516753.3600
  516807.6900
  516835.3500
  516889.7400
  517518.8700
  517945.8300
  518023.6800
  518092.8300
  518414.0700
  518580.3300
  518828.5500
  518912.2200
  519068.3700
  519621.5400
  519724.0800
  520171.9800
  520204.8300
  520316.7300
  520748.4600
  521082.4800
  521156.0100
  522215.9400
  522258.8100
  522461.1900
  522674.4900
  523016.3100
  523044.0600
  523308.1200
  523337.1900
  523457.2800
  523465.5900
  523625.0400
  524023.0200
  524578.8900
  525205.5300
  525520.3500
  525883.5300
  525940.1100
  525998.6100
  526940.6700
  527223.9900
  527674.1400
  527895.6900
  528279.1500
  528987.8400
  529129.0800
  529598.1000
  529734.0600
  529826.7000
  529842.6600
  529987.0500
  530045.4600
  530537.6100
  531402.6300
  531429.4500
  531518.8200
  531572.4600
  531630.0600
  531649.4700
  532543.1100
  532773.8700
  532893.7200
  533172.1200
  533239.8600
  533395.2900
  533630.2800
  533687.6700
  533810.2500
  533867.1300
  533941.4400
  534260.7900
  535106.1300
  535215.3600
  536062.2300
  536133.2100
  536248.8300
  536413.2000
  536451.7200
  536883.5100
  536947.2600
  537047.0100
  538341.7500
  538487.4900
  538536.9600
  538633.8300
  538746.1800
  539344.3500
  539618.0400
  539662.1400
  540487.3200
  540599.2200
  540875.4900
  540930.8100
  542507.8500
  542709.8400
  542781.5400
  542827.9800
  542911.0500
  543129.6600
  543305.5200
  543767.4900
  544205.2800
  544258.4100
  544273.7100
  544375.1700
  544734.7500
  544793.4900
  544895.4300
  544978.3500
  545049.8700
  545404.9200
  545578.1700
  546378.7200
  546945.6900
  547055.5500
  547084.4100
  547145.3700
  547200.3000
  547375.2000
  547592.6100
  548206.8600
  548536.3800
  548641.1400
  549282.2400
  549444.0000
  549482.1000
  549518.3100
  549601.2000
  550497.7500
  550732.4700
  550761.9000
  551797.8000
  551829.6000
  551965.1100
  552658.6800
  552788.4900
  553063.9500
  553133.7300
  554757.2100
  555478.5300
  556255.9800
  556701.8400
  557791.2900
  558414.5400
  558479.2500
  559245.9000
  559310.5200
  561150.3600
  562023.8700
  564502.5300
  565212.9600
  565365.8700
  565456.9500
  565678.2000
  566106.8100
  566640.9300
  566784.4200
  567009.3600
  567403.3800
  567508.2000
  568143.5100
  568539.5700
  569306.4900
  569443.9500
  569765.8800
  569975.3100
  570341.6700
  571117.7100
  571335.3300
  571635.4200
  572248.6200
  572449.5000
  573725.7300
  574400.1300
  574589.8500
  574675.7700
  575121.9000
  575360.7300
  575563.0200
  575652.6900
  575818.2600
  575877.8400
  576313.8300
  576343.3200
  576519.6000
  576590.4000
  576868.8300
  577018.6800
  577533.7500
  577855.6800
  578305.8900
  578494.8600
  578695.5000
  578998.3500
  579739.0500
  580069.2300
  580705.0500
  580758.8400
  581016.7500
  581128.8900
  581270.5500
  581518.9500
  581718.3300
  582448.2900
  582687.6600
  582801.7800
  583711.5600
  583937.0400
  584652.3300
  584731.9200
  585349.8900
  585609.0300
  585635.4300
  585748.6800
  585865.4100
  586436.8800
  586518.1200
  587733.4500
  588613.8600
  588772.5000
  588808.5000
  589003.0800
  589083.7800
  589094.9700
  589745.6400
  589968.3300
  590294.4000
  590435.2800
  591069.7200
  591803.0700
  591856.9800
  592005.9600
  592086.2700
  592718.8500
  592843.4100
  592951.2900
  593846.4000
  594110.1300
  594596.3400
  594678.3000
  594909.0300
  595571.7600
  595802.8200
  596081.2500
  596945.9400
  597002.6400
  597086.3700
  597194.7600
  597396.2400
  597552.7500
  597790.9200
  598018.3500
