Event parameters: 20120411d_freqx2_3.flt
      On time
     598.6800
    1478.7300
    1554.3300
    1636.1400
    3071.5800
    3553.8600
    4512.6900
    7465.7400
    9064.8600
    9489.3900
    9633.9600
   12687.0300
   14377.7100
   15003.0900
   15284.2500
   15686.9400
   16439.0100
   17307.2100
   18145.4400
   18741.4800
   18989.1000
   19695.3000
   19805.6700
   22127.7900
   22587.5700
   23341.2300
   23626.0200
   23862.5100
   24313.3500
   26766.8100
   26939.7000
   27472.6800
   28356.1200
   28898.3400
   29234.1300
   29548.1700
   29849.5500
   30299.0400
   30916.2900
   31904.7300
   32455.7100
   34928.4000
   34981.5900
   35323.1700
   36016.2000
   36195.2700
   36227.1900
   36394.2000
   36789.2700
   38037.0300
   38061.7500
   38211.2400
   39826.2300
   40218.8700
   40606.5900
   41872.2000
   42590.7600
   42734.6700
   42880.8300
   43360.3800
   44010.8400
   44838.7800
   46248.2400
   47319.3000
   48521.2800
   49001.9100
   49848.5700
   50201.9100
   51343.5900
   51432.9300
   51735.3000
   52116.0300
   52626.2700
   52818.1500
   53912.4900
   54213.0300
   55319.9100
   55444.6800
   56626.5300
   56867.6400
   57211.5000
   57492.2700
   58834.1400
   59133.1200
   61027.6500
   63187.1400
   63423.7800
   64258.8000
   65283.5100
   65318.0400
   65843.4600
   66908.1000
   67475.3400
   68343.7200
   68416.6200
   68564.2200
   68673.3300
   69981.5400
   70395.0000
   71028.8100
   72032.8800
   72820.4400
   73074.3300
   73166.7300
   73426.1100
   73668.5700
   75150.3000
   75572.0400
   76677.4200
   78109.3500
   78633.5700
   79161.0600
   79718.2800
   81448.7100
   85250.7900
   85525.2300
   86086.0800
   86980.0500
   88272.5400
   88832.7600
   89090.0700
   89131.8900
   90800.5200
   90954.6300
   91857.5700
   91904.5200
   92060.3400
   92817.0000
   94007.1900
   94772.7000
   96127.4700
   97584.3300
   98205.3900
   98277.5700
   98471.3400
   98558.6700
   98736.1800
   99004.7700
   99252.2400
   99851.2200
  100354.6800
  101046.8700
  101169.4500
  101266.8900
  101415.5400
  101670.8400
  101771.9700
  102514.8900
  102615.2700
  102720.7500
  104053.3800
  106297.8600
  106395.3900
  106599.0300
  107357.3400
  107626.3500
  108658.8000
  108953.0400
  109171.4700
  109638.7500
  110615.1900
  110697.7500
  111321.1800
  112184.7000
  114307.5600
  114796.1400
  115795.7700
  115887.0900
  116820.3600
  117082.3800
  117915.3300
  119217.2400
  119483.5200
  119638.8300
  119835.6300
  120295.5000
  120348.7200
  121230.3900
  122311.2600
  123379.7100
  123532.7700
  124005.1200
  124884.0000
  125023.7700
  125557.8300
  125685.4500
  126401.0100
  126704.7900
  126744.1800
  126886.3500
  127116.3300
  127650.2700
  127821.4200
  128328.1500
  128432.2200
  128827.6800
  129543.4200
  129630.2100
  130656.3600
  131268.7500
  131818.9500
  134158.0500
  134463.5700
  134755.2600
  134905.4100
  135021.6900
  135210.5400
  135425.9100
  135944.9100
  136431.3900
  136954.6500
  137109.9300
  139025.6700
  139064.8500
  139273.5600
  139822.2600
  139886.9100
  140306.7900
  140625.6000
  140953.2000
  141910.9800
  142490.6400
  143293.9200
  143675.5200
  145310.9700
  146145.4800
  147023.3400
  147672.9300
  147871.3200
  148895.1000
  149901.6300
  149990.9400
  150163.6800
  150882.3900
  151441.5300
  152158.2000
  152956.0800
  153011.7600
  155259.9000
  156096.7500
  156402.0000
  156562.6800
  156852.6600
  157381.7700
  157462.2600
  157692.9300
  159812.0400
  160535.9700
  160729.6200
  162395.6400
  163054.7700
  165540.0900
  167293.6200
  167476.0800
  167673.3600
  168540.7800
  169620.8400
  170130.1200
  170211.2100
  170627.9400
  173509.3800
  173606.2800
  175063.0200
  176295.0300
  177433.3200
  179161.0500
  180066.8100
  180478.7700
  181132.4100
  181458.5700
  182028.9300
  182335.1700
  182456.7600
  182528.6400
  183293.7900
  183570.4500
  185026.6500
  186418.1100
  186528.5100
  186730.4700
  186815.3400
  187161.3300
  187345.6200
  188945.4600
  190916.7300
  191109.3600
  191187.3000
  191497.5900
  191945.5800
  193102.2900
  193293.2700
  193405.5900
  194125.2000
  194497.1100
  196187.4000
  196614.5700
  197231.8200
  197719.6800
  198064.0500
  198672.7200
  200046.9600
  200218.8000
  200587.5300
  200741.0700
  201823.8000
  202256.7600
  203155.1700
  204120.8100
  204689.3100
  204896.4600
  205512.3900
  206442.9000
  208390.7100
  208470.4800
  208723.9800
  209136.7200
  209288.4000
  209361.0000
  209653.3500
  210268.2000
  211796.4600
  213711.2100
  213963.3000
  214408.0200
  217114.5000
  217443.1500
  217782.3300
  218164.5300
  218242.5000
  218808.1800
  219045.6600
  221386.8900
  223716.1800
  224521.7100
  226037.9100
  226137.3600
  227190.1500
  227818.3200
  227871.2400
  228040.4400
  229403.2200
  229629.7800
  230259.4800
  231055.6200
  232293.7200
  232435.2000
  232859.3100
  234610.8600
  234984.9300
  235112.7300
  235475.1300
  235871.5200
  236208.9900
  236616.8400
  237000.7500
  237860.4000
  238687.7100
  240484.6800
  240998.6100
  241060.2600
  241189.5000
  241689.3600
  241711.5600
  243220.9200
  243265.2900
  243548.2500
  244071.9300
  244146.4800
  244765.5900
  245341.9200
  247528.1100
  248377.9500
  248882.2500
  251287.9500
  251576.4600
  251661.0300
  251913.5700
  252395.2800
  252507.0900
  252914.7600
  255449.7900
  255740.2500
  257802.2400
  258011.4900
  258487.3500
  259893.5700
  260397.8700
  260849.0100
  261113.6400
  261143.3700
  261568.6500
  262486.0500
  262745.1900
  264037.4100
  264745.9500
  266494.0800
  266852.0400
  267918.7500
  267944.8800
  268365.2400
  268619.2800
  271323.4200
  271804.6200
  272175.7500
  272527.4100
  275321.7600
  276208.7400
  276238.7400
  276500.9700
  276583.7100
  277315.5300
  277700.4900
  277898.9700
  278243.4900
  279179.9700
  279238.7700
  279886.7100
  280723.3500
  281080.1400
  281386.4700
  281839.4100
  282318.4500
  284356.9800
  284678.0400
  285029.8800
  286279.2600
  287286.3600
  287569.8900
  287586.5700
  288018.6900
  288084.0900
  288137.1000
  288826.5600
  289431.0900
  289521.3000
  291000.0900
  291060.6900
  291496.7100
  292007.5500
  292801.3800
  294816.5700
  294947.2800
  297003.3000
  297412.0200
  297577.5900
  298145.2800
  298759.7100
  299130.9000
  299511.3300
  301201.6500
  301242.5100
  302661.3000
  303207.3600
  303666.3300
  303860.8800
  304246.1700
  305019.3900
  305190.2400
  306280.0500
  306976.0500
  308836.5600
  309656.6400
  309878.4300
  310077.6300
  311683.3800
  312051.1800
  313262.3100
  314056.8900
  314409.7500
  315339.6000
  315507.0900
  315695.2200
  317041.6500
  317249.3700
  317911.5300
  318604.5300
  319014.1800
  321177.0300
  321564.1500
  321795.9300
  323499.1800
  323914.3500
  324250.9500
  324991.9500
  325062.1200
  325862.4600
  326413.6500
  326626.4400
  326851.3800
  327458.4300
  329102.5500
  329804.8500
  330443.7900
  332616.6900
  333820.8900
  334692.1500
  335075.5500
  335100.5700
  335227.5300
  335297.2500
  335680.6800
  339262.2900
  339796.0200
  340291.0200
  341049.4500
  341281.3500
  342665.3100
  343062.1200
  343749.0900
  343805.6700
  344515.5600
  345579.3600
  346618.6800
  346885.8300
  347898.6300
  349566.7800
  349799.2500
  350436.9600
  350622.7800
  353250.3300
  354060.0600
  354259.2000
  354457.7700
  354786.9000
  355396.3800
  357372.1800
  358405.1400
  358836.8100
  359495.4300
  360701.6400
  361377.7200
  363412.3500
  363674.9100
  364871.3400
  364959.6600
  365012.7300
  365652.7500
  366526.2000
  366744.4200
  367138.2600
  368007.0600
  368287.8300
  368420.4300
  370459.4700
  371868.0300
  372301.0800
  373014.9300
  373095.5100
  373867.2900
  374882.7600
  374999.0400
  375305.6400
  375652.3800
  377481.9300
  379067.7000
  379420.3800
  380386.2000
  381692.1900
  382742.6100
  384105.0000
  384784.8000
  384855.4500
  385978.8900
  387092.7300
  387233.1000
  387320.1600
  387371.4600
  387927.8400
  388085.7900
  388293.6300
  390099.4200
  392388.4800
  392446.5000
  392795.7300
  393772.4700
  393901.4700
  394072.6200
  394762.9800
  396318.7500
  396473.6700
  397264.0800
  397393.5300
  397893.6600
  398072.6100
  398306.4300
  398415.9600
  399104.1000
  399399.5700
  400995.0900
  401801.9400
  401943.5700
  402262.3800
  403072.6800
  406552.1100
  407218.0500
  409642.2300
  410583.6000
  411278.5800
  413619.0000
  416438.7300
  417046.5600
  417337.2000
  418834.9800
  419033.4000
  419142.8700
  420870.1500
  422039.4000
  424060.9800
  426044.4000
  426831.9000
  428148.0900
  428914.5900
  429301.5300
  430064.4000
  430350.3600
  430520.1900
  430866.0600
  431471.0100
  432674.7000
  432718.2300
  433042.3500
  433691.7600
  436723.8300
  437081.4000
  437130.0900
  438291.8700
  439529.7900
  441268.3800
  441543.8700
  444356.3100
  444523.3500
  445152.5100
  445220.8800
  445533.6600
  445920.2700
  446664.4800
  448358.6700
  449293.4100
  451266.5400
  454306.8300
  455063.0400
  456462.7800
  457523.6400
  457765.1400
  458014.7100
  458079.0900
  458227.1400
  461144.3400
  461282.9400
  461385.3600
  465681.4800
  467223.6900
  467527.4100
  468125.6400
  469461.1200
  472081.6200
  472139.4300
  475029.0600
  475887.0000
  476106.3000
  478480.3500
  479260.0800
  480527.9400
  481041.9300
  481495.0200
  481985.0400
  482084.9100
  483370.2300
  484398.3900
  489369.8700
  489909.0000
  490196.3100
  490388.3100
  492702.2400
  494445.6600
  494784.0600
  494894.0400
  495331.2900
  496008.5100
  496791.2100
  497065.9200
  499901.0100
  500228.1600
  501271.0500
  501902.1000
  503716.2300
  505434.4200
  505739.2200
  506039.0400
  506656.8900
  506895.0600
  507297.0600
  508188.3300
  508928.4900
  509237.3700
  510033.9300
  511194.2400
  511566.5100
  512467.5000
  512632.0500
  513141.1800
  513554.1600
  513979.8600
  514057.7700
  515222.1000
  515433.9900
  515934.6000
  516424.2000
  517354.6500
  517530.8700
  518050.4100
  520337.0400
  520481.0100
  521536.3200
  521799.9600
  525928.2600
  526644.2100
  529568.8200
  530977.0200
  532594.4100
  533537.5500
  536095.8900
  536607.0000
  536676.4200
  536992.5300
  537000.6900
  539308.9500
  540273.4500
  540526.7100
  542150.1900
  542748.5400
  543388.1400
  543769.2300
  543986.5200
  545418.3000
  547332.2100
  547547.1900
  547809.0900
  547868.3400
  549112.6500
  551419.7100
  551831.0700
  552004.6500
  552489.3000
  552678.1200
  552750.8100
  555352.2000
  556525.5600
  556995.0000
  558142.5600
  558363.9300
  559510.0200
  561013.8300
  563034.1500
  563154.4500
  564045.2100
  564121.4700
  564857.4600
  565937.7000
  566142.6900
  566678.2500
  570324.2400
  570862.5600
  572092.8600
  574222.5600
  574446.1500
  577581.6600
  578047.1100
  578633.5500
  579846.1500
  581734.7400
  581877.4800
  582014.7600
  582583.3800
  582629.9100
  585144.6600
  585323.3700
  586213.5900
  586873.6200
  587705.4300
  589152.6300
  589669.7400
  591610.7400
  594090.1200
  594955.3800
  596772.7500
  597273.8700
