Event parameters: 20120411d_freqx2_3.flt
      On time
    1536.2100
    1991.8800
    3015.5700
    3574.5900
    3961.6200
    6580.3200
    6699.6000
    7318.1100
    7863.5100
    8130.8400
    8498.7900
   10355.9400
   11521.1100
   14813.6400
   15428.6400
   16085.6700
   16701.5400
   17327.9400
   19190.0700
   19215.6900
   19452.3300
   19481.9400
   19628.9400
   19979.8500
   21648.7200
   22111.4100
   22752.9300
   22961.5500
   23567.7300
   23720.8500
   24012.0600
   25091.5200
   26833.5000
   27786.4200
   28812.1200
   28992.9900
   29668.8600
   30176.8200
   31528.7100
   31591.3800
   33295.7700
   33795.3000
   36235.3500
   39239.0400
   39414.4200
   39635.6700
   39683.8200
   40225.8600
   40346.6700
   41020.2600
   41130.8700
   41238.3300
   42006.5700
   42107.8800
   43082.9700
   43272.2100
   44388.7200
   45601.2900
   45893.8200
   46885.9500
   48177.5700
   48341.1900
   48515.1600
   50003.9100
   50644.5600
   50919.5700
   51230.4300
   53480.1300
   54056.3700
   54602.1900
   55060.2600
   55083.2700
   55141.0500
   55356.8400
   55746.3300
   56083.0200
   56222.1000
   57457.0800
   57853.5600
   58173.1200
   58815.8100
   59892.7200
   60050.4900
   60232.5600
   60755.1000
   61404.4500
   61849.4100
   62398.7700
   62539.5300
   62725.3800
   62797.8900
   66269.6400
   66566.8800
   66949.2000
   67105.4400
   68033.9700
   68263.3200
   69192.4500
   69647.5800
   70310.4300
   71114.1900
   71930.1600
   72236.8200
   72245.2500
   72794.5800
   73403.1300
   73595.2200
   74275.8600
   74432.9100
   75211.4700
   77429.4900
   78695.6100
   80042.6700
   81130.6200
   81199.5900
   81748.7400
   82006.7100
   82513.1700
   84522.1500
   85392.0600
   85554.6000
   86040.3300
   86160.4200
   86336.9700
   86585.1600
   88094.0700
   89115.5400
   89375.9700
   90233.9400
   90381.6000
   91705.7400
   92782.9200
   94004.6400
   94617.0000
   95120.6100
   95298.1500
   96698.3100
   96733.1400
   96939.0600
   99969.8100
  100259.4300
  100932.2400
  102970.7400
  103659.3000
  104374.9800
  104597.8200
  105178.7100
  106452.0000
  107091.2700
  107106.5400
  107347.3200
  108466.3500
  108643.1700
  109071.4500
  109146.1500
  110509.0500
  110995.3500
  112098.7500
  112660.7100
  113331.0600
  113411.2800
  113712.8400
  114083.4300
  114498.6000
  115451.7000
  115704.9000
  116158.4100
  116631.6000
  116803.7100
  117485.1600
  118668.4500
  119168.1900
  119210.8500
  120210.6000
  120661.2300
  122397.9900
  123159.3900
  123386.6400
  123798.7200
  123956.8800
  124265.7600
  124421.7000
  125914.1100
  128876.9100
  129271.4400
  132291.5400
  134696.6400
  135905.5800
  135931.7700
  136687.2600
  136815.0300
  139455.2100
  140093.5800
  140388.6900
  140813.6700
  141377.1900
  141687.9600
  141828.3000
  142954.4100
  143277.7500
  143725.8000
  145473.8700
  146008.4700
  146486.7900
  146919.9000
  147368.0100
  147767.9100
  147826.2300
  147929.0100
  149121.8700
  149875.7700
  149983.8600
  150242.7000
  150370.2300
  151469.4900
  152053.1400
  152841.3900
  153255.1800
  153822.3000
  154573.6800
  155087.8500
  155370.4800
  158576.6100
  160288.4100
  160547.9700
  161638.3200
  163001.2200
  165195.0900
  166813.2600
  169152.8700
  170435.7900
  171711.3300
  172649.6700
  173382.3300
  174587.1900
  175347.7800
  175538.1600
  176592.7500
  177975.8400
  178130.5200
  178359.5100
  178741.1400
  179042.5800
  179634.0900
  182018.6100
  182557.3800
  187362.2700
  187838.5200
  190164.0900
  191134.9500
  192046.8000
  192311.8500
  196138.1400
  196680.3300
  197960.4600
  201157.5600
  201413.6700
  201815.6700
  204818.5200
  205532.8500
  207256.7700
  207739.1100
  208284.3000
  208930.1100
  209511.4800
  210196.5300
  210615.9300
  210678.3300
  211179.1800
  211515.3000
  212058.8700
  213883.0800
  214873.3500
  215576.3700
  216194.0100
  216909.5700
  220437.3300
  220519.9200
  220747.2600
  222266.2800
  222761.9400
  223233.4800
  224788.1700
  225828.8700
  226222.5600
  226835.1300
  227165.9700
  227319.2400
  227891.7900
  228223.0800
  228517.7700
  229125.9000
  231558.2700
  232873.2000
  232987.4100
  233329.0800
  237469.4400
  237656.7900
  239053.2300
  239263.1400
  240952.3800
  241216.7400
  241595.2500
  241732.0200
  244769.8800
  245119.5600
  246101.0400
  246964.0500
  247170.2700
  248004.7800
  248939.4300
  249095.3700
  252172.2600
  252518.4900
  252597.3000
  253843.1100
  254135.1000
  254171.0700
  254566.6200
  257449.5900
  261016.4400
  263151.2100
  264552.4500
  266749.0500
  267952.1700
  268044.8400
  268132.7400
  268335.7200
  268815.3900
  269124.3000
  269736.9600
  270302.5500
  270374.8800
  270426.7200
  270613.1400
  270836.3100
  271656.0300
  276408.8700
  276735.7800
  276936.1500
  278708.8200
  280676.5500
  280714.8300
  280798.9800
  282225.2700
  283985.2800
  288589.6500
  289359.3300
  289606.5900
  289635.2100
  291704.7000
  291786.0900
  292509.8400
  292931.3700
  292996.9800
  293459.5500
  295942.5000
  296726.1900
  297142.1100
  298190.0100
  298831.0800
  299673.0600
  300268.8900
  300364.8900
  301233.1500
  301248.6600
  302532.4200
  303355.9200
  304341.2100
  304560.8400
  307929.0900
  310873.1100
  311097.2100
  311616.2100
  312065.7600
  312334.2000
  314808.6300
  315609.1500
  316263.5400
  316603.9500
  317437.2600
  317756.7300
  318120.1200
  318133.4700
  322499.9400
  323614.2300
  323959.8000
  324440.4300
  324460.4700
  324588.9900
  325384.4100
  327532.1100
  328519.9800
  329923.9200
  330908.7600
  333301.1700
  333705.3600
  334058.9400
  335045.4600
  336045.3600
  336548.4000
  336799.5600
  337891.0800
  337984.4400
  338360.3100
  338654.0700
  338705.9700
  338925.0600
  339374.5500
  340214.2500
  340738.2900
  343238.0100
  343598.5200
  344170.8600
  344438.8500
  344846.2500
  344879.7900
  346376.5500
  346396.5000
  347760.4500
  347950.8000
  348141.1200
  348401.1900
  348686.8800
  348866.1900
  349164.3600
  349343.1300
  349768.4700
  350061.2700
  350600.6100
  351365.6100
  352476.6600
  353309.0700
  353524.5900
  354972.1200
  355303.8300
  355640.3400
  355872.2400
  356485.4700
  357873.6300
  358310.6100
  359459.2500
  359686.2000
  359747.7900
  359981.1900
  360098.8800
  360320.1300
  360575.4600
  361249.1100
  361558.6800
  362663.1900
  363064.3800
  364146.2700
  364408.5300
  364984.7700
  365117.1900
  365399.9700
  366210.5100
  366419.1900
  367216.4100
  368901.2700
  369175.6800
  373089.7200
  377531.9100
  378079.0500
  379033.2900
  380041.1400
  381909.1200
  382169.0700
  382187.5800
  382293.0000
  383347.2600
  383657.6700
  386440.4100
  386766.4800
  388957.0200
  389642.2200
  390393.0300
  391818.6300
  393543.7800
  393551.7600
  393608.9400
  393756.1500
  393810.3900
  394087.2000
  394718.8500
  396603.2100
  396620.6400
  397081.0800
  398427.7800
  400785.0600
  401131.7700
  401373.0300
  401557.1100
  402070.3500
  402761.1000
  403094.7300
  403242.9600
  404414.8500
  404957.1000
  405323.3100
  406125.2100
  406352.8500
  408793.2300
  410175.8700
  410351.3400
  410611.3800
  413342.1000
  413514.9900
  413901.0300
  414318.1500
  414925.6800
  415394.4300
  416272.7700
  417973.2600
  418371.2700
  418463.7900
  419398.2300
  419514.3900
  419991.3600
  420581.4300
  421206.2400
  421257.5700
  421376.1300
  422307.5400
  423021.8700
  423296.7600
  423615.0000
  425565.1200
  428946.7200
  431514.6000
  433147.4100
  433782.9000
  433937.3400
  434022.7200
  434404.0200
  436576.4700
  436985.2200
  439139.4600
  439170.7200
  440678.1000
  441473.3100
  441873.6000
  442546.8900
  442690.0500
  442954.6200
  443774.8800
  444473.4300
  444501.3900
  444726.3000
  453472.0500
  453509.8200
  453832.5300
  455168.8800
  455495.6100
  455512.5600
  457087.6500
  460510.8600
  462773.5500
  463975.4700
  464739.1800
  465228.7800
  465432.5100
  466439.0100
  466932.6300
  470519.3400
  470864.5800
  471798.8700
  472179.4500
  472998.0300
  473958.2700
  476464.7700
  476598.3000
  476699.3100
  476846.3400
  476882.1000
  479185.5300
  479908.2600
  480313.8000
  481388.3100
  482278.6200
  483479.7600
  487120.2600
  487222.7100
  487250.7300
  487278.6300
  487517.3100
  488454.5400
  489266.6100
  490555.7700
  490649.6400
  490719.8400
  490862.9700
  493823.4000
  494456.8500
  496845.8100
  500150.5500
  500596.3200
  502315.6800
  505066.0200
  505234.5000
  506225.8200
  506473.9500
  508620.4500
  509298.0000
  509923.9800
  510110.1600
  510264.7200
  511164.7200
  511367.9400
  511503.1200
  511874.5200
  511993.2300
  512285.5500
  512358.0600
  513772.5300
  514072.7100
  515425.5900
  516366.8700
  516619.7700
  518359.1700
  518852.6100
  519321.7200
  520023.8100
  520242.6900
  520661.1600
  521358.9300
  521499.6900
  521942.5800
  522154.4700
  522317.5500
  523227.5100
  523419.8100
  523720.5600
  523956.2700
  524029.2000
  524084.9100
  524530.5900
  526443.9000
  526478.1600
  526905.3300
  527442.1800
  527828.5200
  528131.4000
  528233.5800
  528306.2400
  528468.7500
  528775.2600
  529874.3400
  531232.5000
  531324.3000
  531685.9500
  531916.4700
  532172.2200
  533905.7400
  533995.8900
  534024.3900
  534596.8500
  535250.1300
  535317.1500
  536470.3500
  536510.2500
  536781.7800
  537499.2900
  537863.3400
  538303.2600
  540986.9100
  541177.3200
  541322.3700
  541975.6800
  542117.6700
  542227.9200
  542945.7000
  543152.8200
  545486.5800
  546096.0000
  547311.5100
  547455.5700
  547486.7100
  547562.1600
  547931.1300
  549739.6800
  549845.1300
  551595.3900
  553356.6000
  554338.7400
  556358.8200
  557645.7000
  559863.2700
  561003.6300
  561477.7500
  562088.1300
  562836.2400
  563882.5200
  564954.0900
  565189.3800
  565571.3700
  565967.2500
  566165.1600
  569192.3700
  569273.1900
  570641.6100
  571033.2600
  572365.6800
  573170.3700
  574194.3900
  574921.7400
  575225.1000
  576134.3700
  576750.2400
  578807.7900
  579216.7200
  579683.0700
  580568.8200
  581376.8700
  582045.0600
  582122.6700
  583884.6300
  584201.7600
  585408.5700
  585468.9300
  586032.6000
  586888.2600
  588217.1400
  588411.0600
  590058.2700
  591184.7400
  592477.6800
  593938.3200
  594791.1600
  595190.0400
  595654.2300
  595971.3300
  597034.8000
  597085.2600
  597907.9500
