Event parameters: 20120411d_freqx2_3.flt
      On time
     145.7100
     270.4500
     486.0900
     637.9200
     725.5800
     851.0100
    1134.4200
    1242.3300
    1380.5400
    1409.4600
    1493.6100
    1691.6100
    1887.7800
    1978.2600
    2001.4800
    2320.2000
    2374.8600
    2533.7100
    2616.9900
    2685.6900
    2939.8200
    2970.1800
    3035.4000
    3212.5200
    3236.2200
    3317.5500
    3411.0300
    3434.4300
    3571.0800
    3635.4000
    3698.0700
    3917.1000
    4032.2400
    4194.8100
    4225.6500
    4363.6800
    4439.9700
    4528.4400
    4580.9400
    4689.9000
    4751.3100
    4811.0100
    4860.4800
    4945.2000
    4974.4800
    5205.1500
    5274.0900
    5317.6200
    5385.2700
    5444.7600
    5577.1200
    5616.3000
    5674.2900
    5728.9200
    5871.9000
    5931.2100
    6007.9800
    6090.7200
    6166.6500
    6317.5200
    6344.2200
    6426.7500
    6676.5300
    6765.9300
    6909.4800
    6928.5300
    7025.1600
    7243.1700
    7359.1800
    7414.8600
    7498.5900
    7563.8700
    7676.8200
    7874.0100
    8107.1700
    8135.4300
    8275.3200
    8392.9200
    8422.5600
    8826.0300
    8877.8100
    8984.0700
    9066.9600
    9129.0300
    9184.0500
    9357.6300
    9554.7900
    9678.3900
    9709.5600
    9901.2000
    9971.6100
   10239.5700
   10290.8100
   10321.8300
   10806.1800
   10884.0300
   11032.3500
   11616.9300
   11829.0900
   12035.2500
   12065.1900
   12089.0100
   12118.0200
   12156.9900
   12341.3700
   12467.9700
   12524.3400
   12641.1900
   12697.0200
   12723.5700
   12808.3500
   12833.7900
   13198.1100
   13332.3600
   13367.2200
   13397.1900
   13459.9200
   13504.5000
   13586.1600
   13781.1900
   13897.8300
   14081.8800
   14122.7700
   14201.4600
   14259.7200
   14364.5400
   14435.8800
   14484.0600
   14586.3300
   14629.8900
   14751.0300
   14772.1200
   14810.3100
   14977.8300
   15015.9300
   15205.0200
   15544.5900
   15763.5900
   15823.5300
   15872.9100
   15935.7300
   16003.5600
   16093.8900
   16183.8600
   16233.6000
   16314.3300
   16481.2500
   16542.4500
   16761.5400
   16860.9600
   17106.6000
   17196.5700
   17518.0500
   17564.3700
   17838.3000
   17957.8500
   18010.7700
   18122.2200
   18148.5000
   18356.0400
   18386.9400
   18500.9100
   18606.9300
   18754.0500
   18834.2700
   19252.3800
   19473.0600
   19854.5400
   20021.4000
   20108.5500
   20413.2600
   20717.7000
   20897.6700
   21159.3900
   21261.0900
   21348.0300
   21972.5700
   22067.4300
   22243.8600
   22405.5000
   22478.0400
   23181.3000
   23250.1200
   23419.9800
   23495.5200
   23559.6600
   23580.0300
   23597.2800
   23716.1400
   23847.7800
   23958.8400
   24223.1700
   24289.3800
   24518.2500
   24743.5800
   24856.1400
   24992.4000
   25079.0100
   25156.7400
   25388.1300
   25443.7200
   25559.2200
   25721.7600
   25864.2900
   26101.5000
   26178.7500
   26408.0400
   26597.7000
   26647.3800
   26706.1200
   26892.6300
   26951.7900
   27007.3800
   27040.2300
   27100.9500
   27269.4600
   27342.3900
   27441.7200
   27503.8500
   27615.1500
   27681.1800
   27763.1100
   28073.6700
   28234.2600
   28299.5400
   28643.3100
   28689.6300
   28714.4100
   29008.8300
   29034.0900
   29095.5600
   29149.3200
   29331.7800
   29356.8300
   29467.2600
   29490.7500
   29683.4100
   29723.7900
   29867.4600
   29985.5100
   30030.9600
   30217.9500
   30444.9300
   30814.7700
   30836.9700
   30929.6700
   31108.6500
   31153.7100
   31209.8700
   31362.9600
   31811.6400
   31885.0800
   31936.0200
   32137.2900
   32176.4400
   32319.3600
   32434.6500
   32575.8900
   32625.2400
   32661.1500
   33091.6500
   33173.4000
   33348.3000
   33510.3900
   33754.0800
   33833.5800
   33940.7400
   33961.2600
   33989.7300
   34020.9300
   34106.1600
   34135.4100
   34163.6400
   34262.1300
   34300.8000
   34375.5300
   34449.1800
   34469.3100
   34504.9500
   34643.3700
   34670.3400
   34731.2100
   34779.6000
   34858.5600
   34959.6000
   35043.1500
   35070.7800
   35096.9700
   35153.3100
   35207.7600
   35363.8800
   35444.2800
   35466.1500
   35522.0700
   35559.9600
   35720.4900
   35824.6200
   35898.0600
   35981.7300
   36050.8500
   36178.8900
   36328.1700
   36409.8000
   36444.3600
   36729.2100
   36731.2200
   37032.0300
   37329.9000
   37451.2500
   37599.3900
   37775.3700
   38104.7400
   38238.9600
   38296.6200
   38763.4200
   39251.4600
   39282.6900
   39429.0900
   39766.4400
   40249.0800
   40304.1900
   40524.1200
   40692.7500
   40724.9400
   40979.1900
   41032.8900
   41500.5000
   41626.2000
   41778.3000
   41867.4900
   41892.6000
   42117.3000
   42201.2400
   42279.1500
   42362.3100
   42824.8800
   42927.3900
   43055.2800
   43102.8000
   43121.2500
   43149.8700
   43189.7700
   43234.0500
   43322.1600
   43457.3100
   43490.8800
   43546.4100
   43568.0400
   43619.9100
   43688.3400
   43747.3800
   43767.0000
   43835.4300
   43854.0900
   43895.6400
   43954.2000
   43987.5000
   44006.6400
   44017.5900
   44041.0200
   44065.5900
   44177.5800
   44332.5300
   44455.0500
   44762.8800
   44829.0600
   44963.2500
   45048.5100
   45100.1100
   45271.6800
   45325.1700
   45359.7000
   45495.9000
   45523.7100
   45695.6700
   45720.2100
   45846.1800
   45901.4400
   45956.3100
   46154.0700
   46185.5100
   46264.0800
   46403.5200
   46579.4400
   46628.5200
   46670.7300
   46710.4800
   46795.1700
   46861.8900
   46887.4800
   47019.7800
   47103.9900
   47806.5300
   47831.0400
   47932.7400
   47959.6500
   48015.8700
   48021.6300
   48051.0900
   48090.9600
   48217.8900
   48237.2700
   48308.3100
   48391.6500
   48525.6300
   48574.5300
   48717.6000
   48956.3100
   49198.0800
   49373.1000
   49406.5200
   49648.8900
   49723.3800
   49784.1300
   49815.9300
   49821.6600
   50107.9500
   50309.2500
   50362.7100
   50436.5700
   50660.8800
   50716.8600
   51159.2700
   51324.4200
   51605.9700
   51693.9900
   51918.0900
   52014.6000
   52105.1100
   52196.6700
   52793.1600
   52846.4700
   52902.8100
   52966.6200
   53151.9000
   53588.1600
   53847.6300
   54014.0100
   54045.2700
   54193.3200
   54277.4700
   54380.3700
   54581.4300
   54609.7800
   54656.4000
   54815.0400
   54856.4100
   54947.1000
   54988.9500
   55186.5000
   55214.4900
   55229.5500
   55273.1700
   55296.4800
   55395.6300
   55502.6100
   55569.9300
   55581.2400
   55598.1900
   55738.5000
   55769.2500
   55801.3800
   55882.9800
   56020.1700
   56029.8000
   56055.4500
   56111.8500
   56196.4200
   56251.5000
   56385.3300
   56587.3500
   56649.6900
   56704.5900
   56732.4600
   56835.4500
   56892.8100
   57093.1800
   57256.4100
   57289.2900
   57393.3300
   57494.7300
   57600.2100
   57746.9700
   57787.2000
   57865.6200
   57901.5600
   57927.9000
   57965.0700
   58014.4200
   58179.7200
   58261.9800
   58591.2600
   58629.8700
   58767.0900
   58802.5500
   58885.8600
   58973.7000
   59030.5500
   59067.8700
   59123.6400
   59362.1700
   59602.9800
   59756.6700
   59877.2100
   59903.0100
   59935.2300
   60345.3600
   60431.0400
   60576.7200
   60774.9300
   60894.9600
   61118.3700
   61229.2500
   61275.2400
   61306.1700
   61337.1300
   61476.4500
   61536.0300
   61567.5000
   61598.2200
   61621.8000
   61654.7400
   61680.6900
   61735.0200
   61762.8600
   61879.8000
   61941.2400
   62003.5500
   62084.5200
   62187.3000
   62275.8300
   62331.9000
   62344.6500
   62375.1300
   62434.2600
   62504.4300
   62547.6000
   62578.5000
   62602.1700
   62733.6300
   62763.0000
   62848.1400
   62896.6800
   63314.9700
   63590.4300
   63653.6700
   63834.0900
   63979.6800
   64062.0900
   64239.9600
   64431.0600
   64549.8600
   64661.8500
   64700.8800
   64760.2800
   64814.1300
   64977.9000
   65079.9000
   65357.4600
   65444.1900
   65580.1200
   65692.5900
   65741.8200
   65984.1000
   66128.1900
   66157.8900
   66394.3500
   66626.3400
   66806.1600
   66984.5100
   67039.6800
   67146.9900
   67551.0300
   67667.0100
   67703.4900
   67732.5300
   67813.1100
   67935.3900
   68043.0600
   68189.5500
   68198.9400
   68224.3500
   68419.7400
   68446.3200
   68465.5200
   68509.5300
   68602.4400
   68636.0100
   68725.3800
   68757.2100
   68764.9800
   69024.3000
   69049.9500
   69107.2800
   69225.6000
   69234.8100
   69372.2400
   69454.8300
   69511.0500
   69593.0400
   69619.2300
   69629.9700
   69741.5100
   69863.0700
   69888.9300
   70094.2200
   70123.7400
   70152.8700
   70210.2300
   70297.5000
   70350.6900
   70436.7900
   70460.7000
   70540.4400
   70630.9800
   70662.0900
   70688.3700
   70736.0100
   70770.9300
   70828.7100
   70865.6700
   70919.3700
   70945.4100
   71009.2800
   71056.0200
   71173.5600
   71300.7000
   71370.6300
   71400.1800
   71536.1100
   71596.8900
   71724.3600
   71831.4000
   71860.3200
   71889.6000
   71955.5400
   71979.1500
   71999.6100
   72057.9000
   72172.5300
   72198.6000
   72305.7600
   72404.6400
   72458.0400
   72504.0000
   72607.0500
   72668.4300
   72698.1600
   72725.8500
   72868.1400
   72898.0500
   72978.0300
   73154.2200
   73287.1800
   73409.9400
   73497.6900
   73525.7700
   73588.7100
   73666.6500
   73922.2200
   73972.5300
   74507.1000
   74538.0300
   74739.4500
   74817.0000
   75033.7500
   75126.6300
   75289.6200
   75346.2300
   75353.8200
   75410.6400
   75488.7000
   75570.4200
   75721.5900
   75776.6700
   76280.1000
   76307.9700
   76367.9400
   76445.4900
   76567.5000
   76686.5100
   76750.9800
   76919.8200
   77029.4400
   77081.7000
   77418.2400
   77530.3200
   77554.3200
   77861.6700
   77902.8300
   77979.4500
   78034.8600
   78092.7600
   78176.1000
   78259.1700
   78320.1000
   78489.3600
   78567.0000
   78884.0100
   78976.0200
   79126.6500
   79247.8800
   79327.3200
   79375.4700
   79526.8200
   79579.5900
   79776.3000
   79830.9300
   79896.3600
   79995.6300
   80130.6000
   80231.9100
   80311.9500
   80377.5900
   80466.3900
   80518.6200
   80697.9600
   80746.7100
   80823.3600
   80968.8600
   81153.0600
   81233.8200
   81289.2600
   81562.8600
   82155.0900
   82436.2500
   82718.1300
   82838.5500
   83136.6300
   83234.8200
   83457.4200
   83523.6600
   83721.8100
   83878.5600
   83914.7100
   84030.6600
   84142.3800
   84230.4300
   84292.8600
   84343.4100
   84501.7800
   84658.1100
   84741.7800
   84816.3600
   84894.5100
   85093.6500
   85192.0200
   85266.6000
   85349.2500
   85512.7800
   85667.1300
   85751.5500
   85992.6000
   86101.5000
   86505.4200
   86991.4200
   87104.2500
   87178.7700
   87275.1000
   87367.0500
   87417.9900
   87451.1100
   87576.4200
   87643.7700
   87888.4500
   87973.6800
   88027.1700
   88179.4800
   88256.0700
   88532.1000
   88637.2500
   88644.0600
   88733.4000
   88872.6600
   88932.7200
   89074.2000
   89275.3500
   89474.9100
   89545.6800
   89658.5100
   89708.3100
   89965.3200
   90091.7100
   90246.3300
   90328.8000
   90430.8300
   90531.9600
   90666.0000
   90730.6800
   90839.7300
   90900.0600
   91230.6600
   91265.4900
   91315.0200
   91449.0300
   91623.2100
   91735.4100
   91847.0700
   91946.6100
   92021.6400
   92079.3300
   92208.0300
   92311.9800
   92405.2800
   92438.2800
   92517.6000
   92676.2700
   92826.5700
   93024.7500
   93387.8400
   93560.1900
   93650.7900
   93698.7600
   93757.5600
   93805.2600
   93832.7400
   94379.4900
   94504.1700
   94558.4400
   94579.6200
   94709.9400
   94849.9200
   94978.3800
   95072.1600
   95169.8700
   95357.9700
   95469.5700
   95757.0000
   95875.7700
   95924.4300
   95982.5700
   96004.2600
   96266.5200
   96347.9100
   96364.8300
   96431.1600
   96466.4400
   96491.0400
   96507.9900
   96588.5400
   96630.8100
   96920.7300
   97039.5000
   97144.6500
   97159.5600
   97300.1700
   97413.2700
   97543.9800
   97908.6600
   97941.5700
   98014.5000
   98195.4600
   98378.9700
   98497.1700
   98595.2700
   98681.1600
   99125.8200
   99305.3100
   99360.4200
   99439.0200
   99509.1300
   99706.1700
  100046.8800
  100164.4500
  100252.0800
  100510.1700
  100902.9300
  101070.9000
  101235.9600
  101285.0400
  101345.6700
  101779.7400
  101916.0600
  101950.0500
  102006.5700
  102038.3700
  102062.2500
  102091.3800
  102125.1600
  102154.3200
  102205.9800
  102465.0000
  102491.6400
  102520.6500
  102579.8700
  102670.1700
  102785.8200
  102840.9000
  102958.7700
  102984.7200
  103120.1700
  103170.2400
  103192.2300
  103227.9000
  103307.2200
  103394.9400
  103450.9200
  103588.0500
  103622.7000
  103655.4000
  103704.2400
  103784.9700
  103844.5200
  103998.3600
  104018.1900
  104150.5200
  104200.5900
  104356.8000
  104538.3900
  104719.8000
  104749.4100
  104862.3900
  104896.6200
  104981.8800
  105028.8000
  105039.9900
  105065.2200
  105107.8500
  105121.8600
  105153.7500
  105270.1200
  105346.8600
  105444.7500
  105661.3200
  105745.6500
  105969.7500
  106028.8800
  106059.8400
  106138.1100
  106244.5200
  106280.0400
  106515.8400
  106740.6600
  106820.2800
  106885.0500
  106960.8600
  107114.4000
  107177.6100
  107280.5700
  107350.3800
  107435.4000
  107477.7600
  107603.0400
  107768.4600
  107787.0300
  107810.4000
  107920.6500
  108008.1600
  108092.1900
  108420.3600
  108443.1600
  108523.0200
  108551.7600
  108610.2900
  108633.8400
  108702.8400
  108781.2300
  108852.8400
  108879.9000
  108985.2300
  109029.5400
  109176.7800
  109234.8600
  109260.3900
  109289.9400
  109315.8000
  109373.0700
  109429.8000
  109468.0500
  109631.0700
  109658.9400
  109688.5500
  109754.1600
  109869.6300
  109873.1700
  109927.5000
  110098.7700
  110151.2700
  110352.4800
  110387.5500
  110605.4400
  110861.5500
  111032.9100
  111093.6000
  111241.7700
  111346.3200
  111486.6900
  111720.3000
  111756.7500
  112104.3300
  112134.7200
  112164.8400
  112253.1900
  112276.3200
  112306.3500
  112334.9100
  112423.8900
  112455.4800
  112573.8000
  112600.5300
  112706.9700
  112821.5700
  112846.4100
  112885.4400
  112993.5000
  113069.5200
  113097.7500
  113168.0700
  113269.7700
  113326.7700
  113352.6600
  113437.5000
  113736.0900
  113849.4900
  113875.5900
  113956.0800
  114033.2100
  114084.8400
  114162.4800
  114187.8900
  114285.0300
  114327.8700
  114420.5100
  114530.4900
  114671.5500
  114706.7400
  114727.0200
  114909.4500
  115040.8800
  115233.1500
  115355.8800
  115470.6300
  115591.1700
  115750.2000
  115816.6200
  115961.1300
  115987.8900
  116164.8600
  116183.7600
  116382.7200
  116468.0100
  116693.8500
  116928.3900
  117012.0000
  117430.8600
  118221.7200
  118276.3800
  119365.2000
  119620.5000
  120105.5700
  120120.5700
  120411.9000
  120615.6300
  120848.5500
  120986.9700
  121186.7700
  121250.9400
  121666.8300
  122048.2800
  122155.5600
  122709.4200
  122742.6300
  122797.9200
  122903.6100
  122935.3500
  122963.0700
  122990.9700
  123147.7800
  123213.3000
  123269.2500
  123388.1100
  123459.3900
  123582.9300
  123608.8200
  123634.3200
  123644.8800
  123733.6500
  123762.9600
  123779.9100
  123839.1000
  123933.9600
  123976.1400
  124019.5500
  124155.9900
  124311.2400
  124398.8400
  124480.7100
  124588.3800
  124612.5300
  124669.8600
  124693.2300
  124722.0300
  124817.3400
  124832.2200
  124959.2400
  125010.2100
  125052.3000
  125066.0400
  125126.1300
  125152.2900
  125237.7600
  125298.8400
  125400.8700
  125430.2400
  125454.0600
  125609.8200
  125730.6000
  125788.9200
  125817.5700
  125971.6800
  126010.4100
  126184.8300
  126248.3700
  126329.7900
  126350.9700
  126385.9500
  126410.1600
  126498.6000
  126582.8100
  126612.3000
  126698.3400
  126725.3100
  126806.1600
  126891.3300
  126925.6200
  126957.7800
  127103.6400
  127210.7700
  127328.1600
  127356.5400
  127480.6800
  127627.5900
  127673.9400
  128126.9400
  128185.3200
  128266.6200
  128357.1000
  128792.0100
  128956.6500
  129281.8800
  129376.2000
  129588.3000
  129735.9300
  129757.5600
  129817.3500
  129861.4800
  129903.4500
  130282.7700
  130310.6700
  130340.0400
  130557.9300
  130741.5000
  130773.8100
  131058.3600
  131369.0700
  131477.4900
  131579.9400
  131635.5900
  131707.0200
  132027.3000
  132193.4400
  132506.6400
  132657.6600
  132887.6700
  133051.6200
  133176.2100
  133677.1200
  133737.8700
  133798.4100
  133830.2400
  133948.4100
  134030.5800
  134106.5400
  134343.0000
  134402.5800
  134481.5100
  134629.3200
  134799.5700
  135096.9600
  135121.5300
  135285.3300
  135358.6200
  135671.3700
  135828.8700
  135973.7400
  136371.3900
  136427.9700
  136455.9900
  136523.2500
  136657.9800
  136714.4400
  136842.2100
  137282.9100
  137387.4600
  137431.1700
  137623.4100
  138131.7900
  138141.3300
  138169.7700
  138226.7100
  138346.7400
  138493.6200
  138529.9800
  138605.1900
  138656.4300
  138837.3000
  138981.9900
  139129.8900
  139461.1800
  139607.8800
  139864.2900
  139978.7700
  140008.4400
  140038.4100
  140064.3600
  140130.9600
  140159.2800
  140188.4400
  140215.9500
  140339.1000
  140387.4900
  140502.7800
  140539.1100
  140616.4200
  140700.7200
  140731.1100
  140748.3600
  140896.8900
  140925.3000
  140998.2300
  141033.0000
  141063.9000
  141199.2000
  141277.8900
  141347.8200
  141417.9300
  141496.5900
  141530.0700
  141559.4700
  141611.0400
  141693.4800
  141760.7100
  141817.5300
  141898.4400
  141957.7800
  142033.2300
  142173.3300
  142351.0200
  142480.5300
  142521.4200
  142570.9800
  142627.2300
  142714.8000
  142824.6300
  142879.8300
  142938.8400
  143081.4900
  143102.8500
  143132.5800
  143194.6800
  143242.9800
  143312.6100
  143505.3900
  143592.1500
  143708.0700
  143731.6500
  143759.8200
  143853.9300
  143952.0300
  143992.4400
  144186.5700
  144379.5900
  144412.6500
  144552.4800
  144593.7000
  144616.5900
  144694.9500
  144750.2400
  144967.2900
  145000.2900
  145093.0200
  145253.6700
  145286.1900
  145314.0600
  145395.8700
  145425.2700
  145480.2000
  145531.4400
  145562.8500
  145678.0200
  145729.3200
  145801.9500
  145819.1700
  145965.8100
  146045.2500
  146128.0800
  146185.0500
  146252.3400
  146386.2300
  146413.3500
  146526.7200
  146610.2400
  146725.5900
  146871.4500
  146929.2000
  146971.2000
  147086.7000
  147227.9400
  147297.6900
  147340.4100
  147363.7800
  147456.6900
  147556.5900
  147680.2500
  147750.6300
  147802.9200
  147891.3600
  147938.5200
  148386.5700
  148416.6000
  148466.1000
  148502.6700
  148582.3200
  148637.3100
  148807.3500
  148951.6500
  149190.2700
  149275.2000
  149302.2600
  149338.0500
  149422.9500
  149541.5400
  149707.2000
  149804.8500
  149943.0000
  149973.4800
  150056.1300
  150133.5300
  150320.2500
  150382.5000
  150476.0100
  150638.3100
  150867.0000
  150892.1700
  151055.7300
  151102.4700
  151175.2500
  151262.4600
  151508.5200
  151679.9700
  151826.7300
  151885.6800
  151955.3100
  152010.4500
  152066.1900
  152097.7500
  152211.1500
  152242.4100
  152271.2400
  152426.4600
  152485.6500
  152559.5700
  152620.1100
  152718.2100
  153094.9500
  153328.7400
  153435.0900
  153476.4300
  153563.1000
  153775.7100
  153997.2900
  154057.6200
  154128.4800
  154187.5800
  154209.8700
  154236.9900
  154268.3400
  154363.8900
  154601.2500
  154685.4600
  154745.4900
  154859.6700
  155027.4600
  155099.9700
  155214.8700
  155234.3700
  155464.8000
  155486.8200
  155727.5700
  155813.7900
  155873.2800
  156011.6100
  156065.9400
  156109.9500
  156261.6300
  156462.5400
  156502.2000
  156549.4800
  156876.2400
  157118.4900
  157226.1600
  157431.8400
  157454.8200
  157517.2500
  157637.2500
  157670.4900
  157746.4200
  157783.5900
  157938.0000
  158156.6700
  158237.3400
  158373.4200
  158457.3600
  158495.3700
  158586.0900
  158750.4000
  158782.8900
  158936.8800
  158973.4500
  159046.1400
  159158.8800
  159272.6100
  159328.4100
  159414.2700
  159442.2000
  159902.8200
  159991.4100
  160068.9000
  160190.4900
  160383.7800
  160526.6100
  160638.1800
  160699.8900
  160776.6600
  161246.4300
  161295.5700
  161469.4500
  161503.0200
  161640.5400
  161852.4600
  161978.8800
  162062.1000
  162417.3300
  162647.4900
  162673.6800
  162839.9400
  163240.1100
  163323.8100
  163384.7700
  163451.0700
  163681.5900
  163856.3400
  163975.6200
  164034.4200
  164252.2200
  164338.8900
  164471.9100
  164531.4600
  164748.0900
  164869.2300
  164930.6100
  164969.7900
  165076.0500
  165293.8500
  165332.1900
  165501.3600
  165673.4100
  165770.2200
  165838.8300
  166009.4100
  166123.3200
  166206.9300
  166238.5500
  166647.3600
  166820.7900
  166875.3000
  167018.2500
  167048.7900
  167080.0200
  167167.8600
  167222.5800
  167360.6400
  167464.5000
  167581.1400
  167603.0700
  167650.3800
  167736.6900
  168029.7600
  168055.6500
  168081.1500
  168276.9900
  168328.7100
  168536.4900
  168605.6400
  168692.4300
  168794.8800
  168837.0900
  168877.3500
  169012.8000
  169157.7900
  169241.7600
  169395.7800
  169478.7300
  169678.6500
  169760.4300
  169788.0000
  169814.3400
  169955.7000
  169984.6800
  170041.7100
  170185.8600
  170243.6100
  170294.0100
  170415.2700
  170522.3400
  170582.5800
  170677.7400
  170778.7200
  170813.7900
  170954.1300
  170985.9600
  171062.8800
  171303.0000
  171351.6000
  171440.7300
  171528.2400
  171552.0000
  171637.5900
  171697.2300
  171781.1700
  171895.9800
  171952.5000
  172025.0100
  172106.8500
  172317.0300
  172426.1400
  172459.3800
  172632.8400
  172650.8700
  172712.0400
  172796.0700
  172828.2900
  173005.2300
  173087.4600
  173172.7200
  173318.3100
  173373.9000
  173399.0100
  173458.8000
  173538.6300
  173622.7500
  173659.8000
  173709.5100
  173765.3400
  173795.6400
  173855.2800
  174082.8000
  174160.6200
  174309.0600
  174336.5100
  174396.4200
  174423.0900
  174451.6500
  174502.7100
  174592.2000
  174669.3300
  174706.6200
  174780.9600
  174835.0500
  174874.1400
  174983.6100
  175035.9300
  175151.2500
  175319.4000
  175435.1400
  175577.2800
  175597.5600
  175731.4800
  175816.4100
  175906.1400
  175964.2800
  176043.3900
  176129.5200
  176157.2700
  176313.8400
  176360.1600
  176494.0200
  176620.2600
  176682.0900
  176792.8200
  176877.4800
  176910.0000
  177055.8000
  177119.4000
  177144.7500
  177246.1500
  177269.2200
  177349.4700
  177407.1300
  177457.4100
  177492.3300
  177522.6300
  177540.3300
  177550.6500
  177606.8400
  177703.5300
  177721.4400
  177797.5500
  177905.9400
  177983.1300
  178114.7400
  178334.4300
  178394.1600
  178423.2600
  178510.2900
  178543.6500
  178629.5700
  178685.7300
  178714.2300
  178747.1100
  179050.4100
  179105.4900
  179155.3800
  179240.2800
  179525.7900
  179624.5800
  179686.6200
  179760.3600
  179842.5300
  179909.2200
  180021.2700
  180123.7500
  180283.1400
  180340.9800
  180365.7000
  180396.0900
  180454.2000
  180537.4200
  180596.0700
  180652.8600
  180835.2600
  181087.2900
  181252.2300
  181287.0000
  181387.5300
  181419.7800
  181532.8500
  181666.4100
  181693.1400
  181748.4300
  181777.0500
  181833.0900
  181940.6700
  181996.2600
  182205.8100
  182459.7600
  182515.3200
  182599.5600
  182728.8000
  182817.6600
  182892.3900
  183056.1900
  183139.0800
  183222.3600
  183534.6900
  183657.4200
  183766.8300
  183798.2400
  183999.6000
  184289.4900
  184653.3000
  184710.9600
  184826.4600
  184855.7100
  184937.6700
  185029.8900
  185114.8200
  185199.8100
  185338.2300
  185399.8800
  185476.6800
  185711.1600
  185772.5100
  185965.8000
  185984.8800
  186053.9400
  186235.8300
  186357.0000
  186379.8900
  186406.7100
  186660.0900
  186812.6400
  186863.8200
  187137.1800
  187228.5900
  187523.2500
  187554.9600
  187605.2700
  187790.9400
  187876.6800
  187990.4400
  188024.1900
  188048.1600
  188197.9500
  188258.0100
  188314.3500
  188534.9400
  188648.9700
  188707.1100
  188788.8300
  188883.8100
  188955.1500
  189005.4300
  189150.3600
  189181.0200
  189291.3900
  189509.6100
  189564.6000
  189649.5900
  189704.9100
  189734.0700
  189757.3800
  189871.8300
  189908.8500
  189990.2400
  190052.6700
  190282.6800
  190342.7100
  190427.0700
  190457.3100
  190563.6300
  190616.9400
  190670.9100
  190774.4100
  190849.7100
  190931.6400
  190954.1700
  191007.9900
  191094.3300
  191169.1500
  191238.6600
  191290.5600
  191464.6200
  191599.7700
  191684.2800
  191712.1500
  191739.6600
  191886.4800
  191970.2100
  192117.1800
  192235.5000
  192315.6000
  192514.8300
  192598.6200
  192637.1400
  192671.3400
  192818.4000
  192904.5900
  192986.1900
  193168.1700
  193214.8500
  193356.8400
  193439.6700
  193549.2900
  193628.8800
  193659.4800
  193686.5400
  193856.0100
  193887.7200
  193933.1700
  194005.3200
  194061.3000
  194105.9700
  194249.3400
  194268.4200
  194353.7400
  194406.0600
  194505.7200
  194567.8200
  194594.8200
  194649.7500
  194697.3900
  194852.1000
  194879.5200
  194960.4900
  195106.4700
  195144.0600
  195254.9700
  195279.0600
  195427.2000
  195459.6600
  195512.2200
  195546.2400
  195601.0800
  195641.8200
  195730.2600
  195800.4900
  195833.3700
  195999.0900
  196120.5600
  196264.1400
  196375.2600
  196405.2000
  196567.2900
  196662.8400
  196749.9600
  196819.0500
  196884.1200
  196942.5900
  197007.4800
  197092.1100
  197155.6500
  197204.0700
  197258.9700
  197329.0800
  197478.7500
  197600.3700
  197660.6400
  197746.1100
  197798.5200
  197858.9100
  197914.9500
  198024.9000
  198067.1400
  198112.6800
  198128.8200
  198211.2300
  198282.0600
  198333.8400
  198364.4700
  198480.1500
  198575.1600
  198623.8200
  198702.7500
  198849.5700
  198964.6500
  199137.3000
  199326.6000
  199642.0500
  199863.5400
  200011.9200
  200133.9600
  200270.8500
  200362.7700
  200541.8100
  200649.0900
  200707.6200
  200795.4600
  200873.1600
  200935.9500
  201023.6400
  201052.8000
  201109.6500
  201173.0700
  201299.7300
  201333.2700
  201363.4500
  201508.4100
  202181.9400
  202545.4200
  202624.5900
  202883.7300
  202919.7900
  203087.1900
  203109.4200
  203167.3500
  203586.6000
  204030.5100
  204156.5400
  204263.8800
  204568.5000
  204725.4900
  204880.5600
  205110.3900
  205319.9400
  205403.0700
  205488.1800
  205663.8600
  205745.2800
  205913.7300
  206178.8100
  206390.0400
  206481.4800
  206887.7100
  206931.8100
  207042.1200
  207151.0200
  207381.7200
  207858.1200
  208178.4900
  208398.5100
  208621.2900
  208883.5200
  208914.2700
  209061.3900
  209116.5600
  209165.1300
  209204.0700
  209210.8500
  210240.5700
  210406.8300
  210487.9800
  210633.4200
  210718.3800
  210893.7300
  211052.4600
  211132.7700
  211393.2900
  211516.8300
  211578.4500
  212146.3200
  212151.3900
  212273.7900
  212330.4300
  212350.7400
  212442.9300
  212615.0700
  212865.0900
  213042.9900
  213081.5100
  213429.3900
  213694.5000
  213848.4300
  213983.6400
  214354.2600
  214563.6000
  214757.2500
  215295.9900
  215369.7300
  215457.2700
  215523.1500
  215604.7500
  215894.8800
  216078.9000
  216175.9500
  216285.8100
  216478.7700
  216638.1900
  216946.7400
  217101.2100
  217151.4900
  217186.2300
  217290.4500
  217481.3100
  217776.2400
  217888.4400
  217954.2600
  218061.8700
  218116.2600
  218350.8900
  218581.6500
  219156.6000
  219184.7700
  219345.3900
  219431.8500
  219455.7600
  219489.9300
  219536.3100
  219598.5600
  219618.3300
  219755.6100
  219897.4500
  219949.6800
  219981.5700
  220062.5700
  220124.3400
  220265.0400
  220595.9700
  220667.0400
  220720.4100
  220811.5200
  220838.1000
  220869.8400
  220891.4700
  220981.1100
  221033.9100
  221062.5900
  221091.5700
  221176.8000
  221438.4000
  221550.9900
  221602.5600
  221809.5300
  221984.9700
  222057.6000
  222132.6300
  222330.3300
  222432.7800
  222501.4200
  222562.2600
  222665.4000
  223094.0700
  223127.2200
  223305.6600
  223482.3900
  223511.8800
  223657.4100
  223935.1200
  223996.4100
  224117.0400
  224262.0600
  224674.7100
  224702.1900
  224905.2300
  225134.5800
  225160.5900
  225255.0600
  225428.2800
  225465.9300
  225548.1600
  225608.3400
  225715.4700
  226107.7200
  226139.2800
  226345.3800
  226416.8400
  226498.7700
  226527.1800
  226782.6300
  226804.5900
  226890.7800
  226917.7800
  227321.6100
  227460.3000
  227514.7200
  227567.2800
  227645.4600
  227685.5100
  227695.2000
  227708.2200
  227858.4300
  227942.9400
  227964.0300
  228043.5000
  228057.5100
  228108.3000
  228115.7700
  228145.6200
  228259.5600
  228309.4500
  228339.3300
  228469.9800
  228555.0000
  228584.4900
  228643.2300
  228830.9100
  228952.9500
  229040.4000
  229153.2300
  229294.0800
  229388.6400
  229455.2100
  229480.6800
  229627.6200
  229661.0700
  229772.6700
  229886.1000
  229919.8200
  230049.7800
  230112.0600
  230310.3900
  230341.8900
  230421.0900
  230636.5800
  230869.9800
  230911.6200
  231021.6000
  231050.6700
  231078.6900
  231107.9700
  231178.9500
  231185.4600
  231315.4500
  231357.7200
  231461.9700
  231540.0900
  231600.2400
  231627.9600
  231656.8500
  231679.2900
  231708.8100
  231741.6300
  231767.8500
  231824.2500
  231909.8100
  232031.4300
  232066.9200
  232152.8100
  232184.4900
  232209.2700
  232324.0800
  232421.0400
  232520.9100
  232561.9800
  232593.4200
  232620.7800
  232704.9600
  232756.1400
  232782.4800
  232810.7400
  232885.1400
  232913.2800
  232959.9600
  233090.2800
  233121.6600
  233159.3400
  233224.4400
  233275.7400
  233312.8500
  233405.8200
  233487.8400
  233604.4500
  233677.8000
  233709.2700
  233859.4800
  234129.9000
  234366.9600
  234604.6500
  235195.2000
  235432.5000
  235461.9900
  235516.6800
  235833.9300
  236168.1300
  236243.7000
  236468.1900
  237027.0000
  237118.2600
  237202.8900
  237399.9300
  237451.9200
  237618.9900
  237659.1000
  237684.6600
  237948.9000
  238031.2500
  238168.4100
  238285.0200
  238538.8800
  238963.4100
  239013.2400
  239070.3600
  239113.8600
  239245.4700
  239344.5000
  239680.9500
  239734.8300
  239796.6000
  240018.9900
  240119.5200
  240392.3400
  240425.2200
  240877.8900
  240942.3900
  240992.7000
  241026.7800
  241053.8700
  241114.4700
  241198.3800
  241218.6900
  241230.3300
  241265.1900
  241290.3000
  241414.6500
  241454.7600
  241472.1000
  241561.9500
  241593.4500
  241648.3500
  241701.1500
  241767.0900
  241878.9600
  241908.6000
  242053.6800
  242072.1900
  242112.2100
  242139.2700
  242170.0800
  242301.4200
  242333.5200
  242363.5500
  242395.5600
  242428.0200
  242442.4200
  242495.4900
  242522.6400
  242561.7300
  242591.9700
  242702.1300
  242756.9700
  242816.2200
  242898.9600
  242936.7300
  242977.0500
  243044.9100
  243104.0100
  243209.9400
  243287.9700
  243426.2700
  243479.5200
  243538.8000
  243566.8500
  243699.9600
  243722.4000
  243754.6200
  243780.0900
  243938.7600
  244028.1600
  244061.2200
  244144.1100
  244286.8500
  244322.5500
  244402.6500
  244432.2600
  244516.1400
  244560.3600
  244665.7500
  244692.9900
  244762.7400
  244850.1900
  244966.5000
  245049.7800
  245078.6400
  245112.9000
  245189.4600
  245306.1900
  245344.7400
  245385.0000
  245456.8500
  245532.0300
  245582.5500
  245622.1200
  245675.2500
  245701.0800
  245783.5800
  245905.9800
  245998.0200
  246053.8800
  246106.9500
  246128.0100
  246155.6100
  246164.0700
  246228.4800
  246314.8500
  246485.0100
  246631.1400
  246732.1200
  246797.5200
  246882.7500
  246916.9200
  247142.2500
  247197.5400
  247426.9500
  247535.2800
  247636.0800
  247737.4500
  247824.1200
  248078.1600
  248242.3500
  248462.2500
  248696.7300
  248721.9300
  248862.0300
  248957.3700
  249321.0300
  249354.5400
  249514.8600
  249588.6600
  249918.4500
  249946.3200
  250125.3000
  250160.0100
  250220.1600
  250274.9100
  250303.5300
  250386.4800
  250418.6100
  250776.3600
  250829.9700
  250856.7600
  250894.1700
  250962.3000
  250981.3800
  251057.4900
  251088.9900
  251142.5700
  251314.1700
  251373.6000
  251456.9700
  251514.7500
  251680.6800
  251790.0600
  251848.2600
  251877.9000
  251931.3000
  251980.8600
  252091.8600
  252206.5800
  252287.6100
  252363.1800
  252489.9000
  252519.6900
  252590.8800
  252685.3800
  252768.9900
  252807.4500
  252834.6900
  252943.8900
  253057.7100
  253115.2500
  253125.4500
  253158.5400
  253198.3500
  253236.0600
  253290.6300
  253331.1000
  253584.5100
  254089.0200
  254102.3400
  254112.3900
  254249.0100
  254369.4000
  254470.1100
  254636.0100
  254697.9600
  254863.7100
  255105.3900
  255176.7300
  255348.2700
  255437.4900
  255498.7500
  255553.7100
  255611.4900
  255678.7200
  255737.6700
  255806.2200
  255885.5100
  255906.1200
  256017.6300
  256168.2600
  256362.8100
  256416.4200
  256607.3400
  256640.1900
  256757.7600
  256839.9300
  256870.3200
  257055.4800
  257106.7200
  257162.2200
  257225.3400
  257301.3900
  257395.1400
  257412.8400
  257555.8800
  257633.6100
  257752.6200
  257788.5000
  257868.4500
  257918.7600
  257980.6800
  258120.5400
  258275.5800
  258314.3100
  258365.7900
  258460.8300
  258516.0000
  258572.9700
  258745.6800
  258891.6600
  258943.7100
  259035.0600
  259084.4400
  259137.7800
  259720.3800
  259765.7700
  259870.3800
  260016.8400
  260038.3500
  260149.7700
  260167.6200
  260430.1500
  260512.9800
  260602.1400
  260743.7400
  260971.7100
  261215.5800
  261282.6900
  261450.8400
  261623.1300
  261747.3600
  261832.4700
  261994.3200
  262133.4900
  262151.9400
  262237.8900
  262410.8700
  262476.9000
  262528.7400
  262611.3000
  262785.1500
  262909.7400
  262984.8000
  263109.6300
  263282.9100
  263427.4500
  263502.1200
  263566.1100
  263648.9700
  263902.2000
  264003.3900
  264127.0800
  264203.2500
  264261.9600
  264294.9300
  264349.4400
  264461.1300
  264608.1300
  264674.8200
  264751.7100
  265008.9900
  265059.3000
  265167.9300
  265369.2000
  265439.6400
  265502.4900
  265582.6800
  265636.4100
  265724.7900
  265782.2400
  265912.3800
  266008.8300
  266042.3100
  266457.6600
  266580.8700
  266832.9300
  266947.1700
  267160.0200
  267220.4400
  267319.0200
  267465.3300
  267656.0700
  267726.8700
  267889.7100
  267940.2000
  267999.1200
  268162.7100
  268383.7200
  268410.6600
  268439.2500
  268468.2600
  268534.7100
  268660.0200
  268692.3300
  268825.3500
  268853.5500
  269092.7700
  269149.2900
  269183.9100
  269336.3700
  269352.0900
  269372.7900
  269382.9900
  269408.7300
  269485.8000
  269658.0900
  269700.4200
  269772.5100
  269888.5200
  269947.5900
  270025.6500
  270032.9400
  270144.4800
  270179.1300
  270205.8600
  270369.9000
  270377.4600
  270428.2800
  270483.6900
  270520.8900
  270596.8500
  270667.2600
  270677.6100
  270722.4900
  270895.2600
  271158.8100
  271187.3400
  271225.4700
  271369.2900
  271429.3800
  271462.1400
  271589.3700
  271615.8900
  271641.1200
  271721.9700
  271730.7900
  271779.6300
  271986.9900
  272169.4500
  272247.2100
  272248.8000
  272304.9600
  272375.7000
  272461.4100
  272489.7600
  272517.1500
  272644.8600
  272686.8600
  272705.0100
  272832.9900
  272858.3400
  272892.6600
  273130.2900
  273190.6800
  273228.1800
  273251.3400
  273261.3600
  273288.2700
  273315.2400
  273378.0900
  273437.4300
  273455.7900
  273525.1800
  273547.6800
  273800.4900
  273866.2200
  273917.1300
  274082.9100
  274230.6900
  274330.5000
  274340.5800
  274423.8300
  274540.9800
  274608.6000
  274693.2900
  274821.7500
  274913.1300
  274972.1400
  275107.9500
  275180.0100
  275262.1500
  275313.4800
  275343.7200
  275453.0700
  275474.7900
  275515.2000
  275534.9700
  275719.8600
  275814.0300
  275848.6800
  275896.8900
  275914.3500
  276137.0400
  276169.6800
  276361.6200
  276404.7000
  276496.5300
  276562.6200
  276669.5100
  276818.5500
  276873.0300
  276904.3200
  276966.7800
  277174.3500
  277240.8000
  277300.7100
  277469.5500
  277514.9700
  277668.6300
  277725.9000
  277902.7200
  277972.0500
  278054.9700
  278113.9500
  278144.2200
  278153.7300
  278331.4500
  278366.6100
  278392.4100
  278547.0300
  278576.7000
  278610.9900
  278637.5100
  278664.7200
  278748.4800
  278929.4100
  278997.1800
  279060.7200
  279115.6200
  279197.9400
  279274.3200
  279331.1700
  279462.7800
  279523.8300
  279537.6900
  279852.5700
  279899.1300
  279930.2400
  280124.2200
  280161.5700
  280279.8600
  280404.6900
  280410.8400
  280562.4000
  280612.5600
  280643.6400
  280837.5300
  280862.8200
  280914.9600
  280944.4200
  281029.4400
  281091.0300
  281306.5200
  281599.8600
  282018.3900
  282041.1300
  282074.2500
  282150.3900
  282274.8000
  282678.3300
  282779.6400
  282880.4400
  282936.4200
  283388.2200
  283408.3800
  283647.8400
  283819.3200
  283896.4200
  284092.4100
  284276.1000
  284361.9900
  284389.5900
  284526.0900
  284553.5700
  284587.7100
  284733.1800
  284812.1100
  284973.6900
  285231.3600
  285467.1900
  285589.5600
  285641.0700
  285685.2000
  285919.8000
  286124.8200
  286162.7100
  286269.9900
  286415.2800
  286538.3400
  286567.9500
  286802.5500
  286852.2300
  286873.6500
  287270.6400
  287308.1700
  287471.7000
  287694.8700
  287712.6900
  287722.3800
  287789.9100
  287874.9300
  287904.5100
  287929.3200
  288001.4400
  288146.8200
  288268.8900
  288402.6900
  288556.1700
  288888.3900
  288991.8300
  289126.1400
  289135.3800
  289553.8200
  289667.4600
  289751.1000
  289874.1300
  289903.7700
  289949.2800
  290080.0500
  290091.9900
  290148.3300
  290239.4700
  290277.8700
  290326.4400
  290383.3500
  290397.0900
  290417.4300
  290466.3300
  290491.5000
  290518.5600
  290630.7600
  290655.7500
  290760.8400
  290800.4700
  291148.8900
  291195.2100
  291328.4700
  291353.1900
  291382.3200
  291522.3300
  291581.5800
  291673.7700
  291763.5900
  291930.9600
  291958.7400
  292013.9400
  292043.7000
  292083.6900
  292214.1300
  292254.7500
  292276.9200
  292362.6000
  292404.7500
  292613.1000
  292738.5000
  292781.3100
  292851.2400
  292870.3500
  292904.9700
  292943.0100
  292965.6000
  293029.8600
  293050.1100
  293196.1200
  293251.9200
  293272.1700
  293283.6300
  293331.3600
  293367.3000
  293421.4800
  293497.5300
  293538.3300
  293579.7600
  293702.6400
  293843.3700
  293874.6900
  293931.2400
  294018.9300
  294102.2700
  294170.1900
  294347.0100
  294440.1600
  294488.7900
  294553.5600
  294580.3500
  294602.7600
  294690.9600
  294717.9600
  294819.1200
  294891.6600
  294972.3300
  295279.7100
  295312.2600
  295387.5600
  295445.6100
  295467.6600
  295527.8700
  295617.2400
  295674.4500
  295705.1700
  295891.3800
  295967.6700
  296076.5400
  296087.0400
  296196.3000
  296293.5000
  296455.7100
  296503.7100
  296565.9000
  296592.0900
  296613.6600
  296677.5900
  296755.9800
  296812.7100
  296841.8700
  297047.4600
  297102.9000
  297137.0700
  297262.5000
  297338.1900
  297354.8700
  297386.7900
  297538.4400
  297636.8700
  297695.3400
  297751.6500
  297833.9700
  297915.8400
  298022.3400
  298150.1700
  298261.6800
  298374.9900
  298468.3500
  298525.8300
  298553.4900
  298598.7600
  298680.5100
  298887.2100
  299003.1600
  299139.8100
  299228.4300
  299255.9400
  299321.3400
  299628.9600
  299860.1400
  299942.7300
  300010.3200
  300046.5600
  300201.2100
  300321.4200
  300433.9200
  300462.2700
  300554.4600
  300584.4000
  300609.6000
  300634.4100
  300707.4300
  300782.1000
  300872.4900
  300928.1700
  300953.8500
  300990.0600
  301085.4900
  301150.0200
  301234.9500
  301325.4600
  301535.7300
  301560.4800
  301586.6400
  301916.7600
  301936.6200
  302071.4100
  302097.4500
  302205.1500
  302375.2500
  302487.5100
  302534.4000
  303039.9600
  303076.9800
  303134.3700
  303359.8200
  303372.9000
  303428.9400
  303468.0600
  303479.0700
  303627.0900
  303804.2700
  303810.0900
  303841.4700
  303893.7900
  303976.9500
  303983.7000
  304029.0900
  304243.1700
  304302.1800
  304376.8200
  304387.1400
  304435.0200
  304689.8700
  304906.9200
  304937.5200
  305035.4100
  305073.5400
  305159.8200
  305198.9400
  305330.1900
  305494.6800
  305573.1300
  305687.8500
  305729.8800
  305804.0400
  305902.3200
  306013.9200
  306129.8400
  306160.3200
  306249.6000
  306275.2500
  306453.6600
  306542.7600
  306668.5200
  306746.2500
  306892.7700
  306931.4400
  306974.2500
  307089.7800
  307178.2800
  307200.7200
  307412.8800
  307498.0500
  307691.7600
  307712.4000
  308049.5100
  308129.0700
  308286.8700
  308340.5400
  308494.4700
  308811.8700
  308923.6500
  308986.2600
  309044.6700
  309160.3200
  309191.0700
  309300.7500
  309317.7900
  309347.0100
  309397.4100
  309481.5600
  309560.8200
  309635.1300
  309709.2600
  309743.4300
  309915.1200
  309973.0200
  310084.7700
  310342.6800
  310496.4600
  310661.6100
  310744.3500
  310767.5100
  310859.3700
  310946.0700
  311029.9800
  311191.6200
  311385.5700
  311393.8200
  311511.5700
  311546.8800
  311712.0900
  311842.8300
  312017.1600
  312128.5200
  312510.8700
  312628.1400
  312724.7400
  312774.5700
  312822.2700
  312856.3200
  313032.5400
  313138.5900
  313219.3500
  313485.5700
  313597.2600
  313966.4100
  314025.9300
  314083.8600
  314427.7200
  314453.8200
  314487.3600
  314572.6500
  314630.5800
  314724.2700
  314946.0900
  315046.0800
  315123.7800
  315153.9300
  315200.4600
  315285.9000
  315535.7700
  315655.2300
  315929.5200
  316081.8300
  316133.6400
  316229.6100
  316369.5000
  316394.8500
  316474.9800
  316526.8800
  316695.8700
  316757.9100
  316786.0500
  316843.2300
  316912.6200
  317019.9900
  317094.8100
  317115.6000
  317213.8200
  317346.1800
  317488.8900
  317533.8000
  317730.6900
  317906.0700
  318050.7000
  318110.1600
  318193.2000
  318302.5800
  318356.7900
  318444.6300
  318653.4000
  318688.9200
  318743.3400
  318812.6100
  318852.7800
  318921.0000
  319152.2700
  319253.1000
  319360.6500
  319409.0100
  319473.9600
  319755.9000
  319803.2700
  319900.8600
  319987.9500
  320271.6000
  320326.0200
  320459.0400
  320598.5400
  320666.4300
  320745.8700
  321048.0900
  321073.7100
  321353.3400
  321467.2800
  321613.5000
  321670.0800
  321779.6700
  321974.1000
  322348.4700
  322464.1200
  322549.8300
  322581.5100
  322754.1900
  322855.4700
  322959.1800
  323105.7600
  323193.6600
  323518.1100
  323594.2200
  323823.4800
  324301.5900
  324409.3800
  324555.9900
  324613.1400
  324769.1100
  324916.3800
  324995.3100
  325098.7200
  325211.2800
  325266.1800
  325517.2200
  325550.1600
  325603.5300
  325754.4600
  325896.9900
  325964.0100
  325975.5600
  326016.3300
  326115.7200
  326175.5700
  326220.7200
  326372.1900
  326649.9300
  326741.1600
  326821.2900
  327087.1200
  327137.3100
  327200.8800
  327362.7900
  327627.9300
  327884.0400
  328178.6100
  328353.7800
  328521.9900
  328730.4300
  328950.9900
  329020.2600
  329453.7000
  329591.5200
  329687.5200
  329738.0700
  329824.1700
  329961.3600
  330069.2400
  330149.1600
  330271.0500
  330329.1900
  330469.0500
  330591.7200
  330781.2600
  330853.1400
  330882.5100
  330910.2300
  331024.5300
  331087.7400
  331141.0500
  331564.3200
  331655.9700
  331711.4400
  331829.9400
  331977.9600
  332064.3000
  332146.3200
  332255.3700
  332393.2800
  332462.3100
  332580.7200
  332776.5300
  333068.3700
  333165.4200
  333187.7700
  333217.1400
  333279.1800
  333307.6800
  333364.1700
  333396.9600
  333452.7000
  333486.5400
  333508.8000
  333534.9300
  333569.4900
  333649.9800
  333709.9500
  333736.5600
  333766.5900
  333798.6600
  333854.6100
  333879.9600
  334011.9900
  334049.5500
  334120.6800
  334134.3600
  334228.1700
  334297.6200
  334375.5600
  334406.9400
  334464.5100
  334594.0500
  334657.8300
  334687.6500
  334827.4200
  334907.7600
  334997.1600
  335081.0100
  335143.2300
  335233.5300
  335286.8700
  335374.7100
  335563.9800
  335621.9400
  335650.6500
  335733.9900
  335784.0300
  335828.9400
  335853.3600
  335880.5400
  335936.8500
  336020.4000
  336054.3900
  336362.4000
  336443.8800
  336535.4400
  336616.8000
  336671.4900
  336734.6700
  336816.6300
  337047.6300
  337248.8400
  337292.2500
  337374.6900
  337450.6200
  337637.8200
  337709.7600
  337819.1100
  337855.2000
  337992.3900
  338024.5200
  338111.2500
  338254.8900
  338291.3700
  338344.4400
  338463.9600
  338491.0500
  338544.5400
  338600.0700
  338774.7900
  338900.4300
  339181.4400
  339295.3500
  339357.5700
  339379.3200
  339493.4700
  339550.3800
  339682.8900
  339762.6600
  339899.8500
  340017.1500
  340163.7600
  340315.4100
  340480.5000
  340566.1200
  340643.4900
  340752.5700
  340855.5600
  340949.4300
  341114.3400
  341275.5000
  341315.7900
  341563.8000
  341622.5700
  341681.1000
  341708.5200
  341905.0500
  341992.7700
  342020.9700
  342046.9800
  342101.4600
  342136.7700
  342297.5400
  342486.6900
  342684.3600
  343241.6100
  343298.1000
  343389.7200
  343421.7000
  343468.2000
  343700.8200
  343722.9600
  343958.7000
  343971.4200
  344037.4800
  344118.7500
  344150.1900
  344174.6100
  344312.7000
  344344.2600
  344405.7000
  344455.6500
  344614.8300
  344719.3800
  344795.6400
  344854.7100
  344940.4200
  345040.0500
  345068.2200
  345095.3100
  345149.9100
  345208.4400
  345294.1200
  345382.9200
  345552.9900
  345709.7100
  345772.2900
  345795.2400
  345888.1200
  345913.0500
  345987.6300
  346148.2800
  346235.7900
  346320.0000
  346357.5900
  346568.0700
  346645.2300
  346928.6400
  346985.9400
  347541.3000
  347645.0400
  347773.6800
  347982.5700
  348092.6100
  348156.5700
  348185.7000
  348216.0000
  348299.3400
  348474.1500
  348589.3800
  348616.5900
  348859.7400
  348896.5200
  349122.4200
  349363.2000
  349406.1900
  349470.2100
  349521.9300
  349763.7000
  349909.6500
  350226.5700
  350301.6000
  350367.1500
  350492.3700
  350636.4000
  350747.2800
  350939.0400
  351064.2900
  351171.4500
  351353.7900
  351565.7400
  351585.0300
  351743.1900
  351765.1200
  351936.2400
  351967.2900
  352024.2300
  352057.4400
  352261.7700
  352337.3100
  352514.9400
  352625.5500
  352838.0100
  352868.2800
  352893.3900
  353035.2000
  353135.3400
  353233.8000
  353257.2000
  353293.8300
  353332.9800
  353445.9900
  353574.0900
  353634.5400
  353789.1900
  353881.8300
  353904.8400
  353972.7900
  354107.0100
  354190.8900
  354221.8500
  354308.0100
  354361.7100
  354483.9900
  354564.9900
  354585.4200
  354715.5600
  354769.1400
  354816.5100
  354929.9400
  355203.4200
  355251.8400
  355307.1600
  355342.9500
  355421.1300
  355480.8300
  355598.6700
  355708.9200
  355826.7300
  356003.7600
  356267.4300
  356323.5900
  356353.1700
  356440.4700
  356526.6300
  356643.6000
  356669.0700
  356761.5600
  356829.4800
  356926.3500
  357152.7600
  357240.2400
  357290.3700
  357324.7200
  357469.6500
  357708.4500
  357742.2000
  357936.7500
  358170.9600
  358238.9100
  358325.1900
  358348.7700
  358505.1900
  358544.9100
  358614.3900
  358687.4100
  358718.6400
  358827.1800
  359021.2200
  359082.1200
  359132.5800
  359180.9700
  359288.9700
  359353.3500
  359581.1700
  359611.3200
  359725.0800
  359786.9400
  359837.4900
  359942.1600
  360013.9800
  360103.4700
  360168.9900
  360251.0100
  360300.7800
  360334.7400
  360564.9900
  360738.3000
  360755.3100
  360790.5300
  360879.0000
  360920.5800
  361177.5300
  361265.9100
  361337.2200
  361436.9700
  361712.7300
  361834.8600
  362082.4200
  362140.2000
  362250.4200
  362467.6200
  362613.8700
  362636.7300
  362722.1100
  362982.3300
  363044.4900
  363094.8600
  363155.7900
  363392.6700
  363762.4500
  363848.0100
  363939.2700
  364041.7200
  364189.8300
  364219.2000
  364241.2800
  364395.7500
  364471.8600
  364531.7100
  364617.6000
  364706.4900
  364765.4700
  364875.1500
  364934.9700
  365073.6000
  365123.0400
  365213.7000
  365385.8100
  365498.5800
  365554.6200
  365645.6400
  365697.2700
  365721.9000
  365804.5500
  365925.6300
  366029.2500
  366108.4200
  366186.8100
  366255.0000
  366337.9500
  366396.5100
  366451.2900
  366531.5100
  366672.8700
  366845.9400
  366876.7500
  366940.1100
  367028.0100
  367076.9400
  367168.2600
  367309.3800
  367393.5600
  367597.5600
  367626.3900
  367656.9600
  367789.6200
  367881.9600
  368077.4400
  368135.5800
  368218.9800
  368262.4500
  368313.0600
  368435.1000
  368484.2400
  368546.2800
  368666.5200
  368720.1600
  368782.7400
  368833.8000
  368945.3400
  369078.6300
  369304.9800
  369330.8700
  369436.7700
  369557.1600
  369645.0600
  369723.4800
  369754.4700
  369788.2800
  370061.2500
  370228.0800
  370288.4400
  370316.9400
  370406.9700
  370501.2300
  370577.1300
  370661.5800
  370868.6100
  370990.0200
  371019.4800
  371165.0100
  371200.4700
  371285.2500
  371338.3800
  371378.1300
  371444.0400
  371491.3800
  371522.8800
  371578.2000
  371639.4900
  371673.7800
  371823.9600
  371923.3500
  371987.0100
  372177.9300
  372231.9900
  372377.7000
  372459.8400
  372749.7300
  372816.3600
  372859.7700
  372915.4200
  372937.4100
  373155.1800
  373190.8500
  373356.2100
  373566.9900
  373644.6300
  373812.1800
  373873.6500
  374192.1600
  374247.6900
  374272.3800
  374302.6800
  374330.4000
  374359.8300
  374441.0400
  374527.4100
  374593.0500
  374744.0700
  374814.7800
  374895.6000
  374984.5500
  375064.7100
  375145.5000
  375230.9700
  375315.0600
  375364.0800
  375451.5000
  375565.7100
  375677.4000
  375765.0600
  375852.0300
  375913.2600
  375939.9900
  375998.3700
  376103.6700
  376171.4700
  376231.5000
  376339.2600
  376477.4400
  376532.3400
  376617.2700
  376707.0300
  376748.8500
  376869.0000
  376908.3900
  377024.8800
  377057.4600
  377136.5700
  377276.1900
  377312.4000
  377390.3700
  377575.1100
  377604.6900
  377692.2300
  377810.4900
  377915.2800
  378081.8100
  378179.2800
  378232.6800
  378298.8900
  378385.3800
  378477.6300
  378532.7100
  378559.0200
  378610.2000
  378788.8800
  378988.5900
  379044.3300
  379071.7500
  379190.7000
  379246.6200
  379329.5400
  379444.7400
  379474.2300
  379509.5100
  379640.3400
  379739.0700
  379993.0800
  380049.9000
  380105.5500
  380451.8700
  380529.9300
  380837.8200
  380990.0400
  381066.4800
  381097.6500
  381158.7300
  381420.7500
  381482.6100
  381511.5900
  381578.7600
  381629.2200
  381660.9900
  381718.8900
  381775.4700
  381827.2200
  381948.7200
  382117.8600
  382153.7700
  382216.4400
  382328.5200
  382496.5800
  382613.4000
  382725.6600
  382777.3800
  382830.3300
  382915.8600
  383228.8500
  383257.2600
  383352.2400
  383489.2200
  383552.7300
  383695.6500
  383812.7100
  383838.4200
  383948.0700
  383974.3800
  384032.0700
  384192.1200
  384247.1400
  384281.5500
  384340.6500
  384549.8400
  384691.3500
  384751.4100
  384838.2600
  384943.8000
  385064.1600
  385212.4800
  385243.3500
  385273.2600
  385382.3700
  385530.2100
  385556.6700
  385640.7300
  385699.4400
  385846.4700
  385869.0600
  385959.5700
  386039.1900
  386159.0700
  386179.1100
  386205.9300
  386253.0000
  386299.4400
  386394.4800
  386421.3300
  386450.1900
  386501.3700
  386584.8300
  386626.2300
  386802.1500
  386836.3800
  386864.2500
  386978.1900
  387034.8000
  387067.0800
  387098.7600
  387123.9300
  387177.4200
  387315.1500
  387405.0300
  387479.1300
  387561.7200
  387782.7300
  387812.6400
  387842.0400
  387997.6200
  388050.1500
  388115.8200
  388193.1600
  388277.7300
  388442.6400
  388519.3500
  388597.7100
  388658.0100
  388743.0600
  389021.8200
  389217.2700
  389270.9700
  389303.9400
  389361.7800
  389385.8400
  389471.7000
  389559.2400
  389735.0700
  389766.0000
  389854.9200
  389915.2200
  389941.3500
  390023.8500
  390115.6200
  390201.8700
  390284.9100
  390325.4400
  390344.4600
  390429.1500
  390457.1100
  390535.1400
  390569.0100
  390656.0700
  390792.3300
  390851.3700
  390924.7200
  390975.7800
  391039.1700
  391086.2100
  391126.2600
  391281.7500
  391454.3400
  391531.9800
  391600.6200
  391644.2400
  391715.0700
  391769.1900
  391877.4900
  391938.8700
  391993.2600
  392056.2900
  392080.9800
  392137.2900
  392350.2900
  392532.4800
  392591.7300
  392881.8300
  392986.7700
  393071.5200
  393158.0100
  393218.4600
  393303.5100
  393457.9200
  393556.2900
  394174.9500
  394396.4100
  394613.1900
  394802.6700
  394888.7700
  394947.8400
  395307.1200
  395423.8800
  395666.4300
  395763.6600
  395853.3000
  395882.7000
  395939.5500
  395999.1900
  396749.3100
  396905.1900
  396990.4200
  397240.8600
  397271.8800
  397389.0900
  397430.4900
  397482.4200
  397509.8100
  397643.4300
  397763.7000
  397996.3200
  398328.3300
  398389.9800
  398571.8400
  398598.3900
  398657.3700
  398703.2400
  398817.8100
  398850.8700
  398924.5500
  399084.7500
  399150.9900
  399163.5900
  399221.2500
  399255.7200
  399430.5000
  399486.9900
  399524.7600
  399552.4200
  399611.7600
  399633.0900
  399716.4600
  399774.7800
  399861.6300
  399941.3700
  399976.1400
  400061.9400
  400122.9000
  400202.1300
  400226.2500
  400286.4600
  400317.0900
  400357.5600
  400380.6000
  400650.0300
  400678.5000
  400761.1200
  400822.5300
  400880.0700
  400964.4300
  401004.3300
  401054.7900
  401171.7900
  401208.1500
  401257.1400
  401336.2800
  401368.0200
  401457.7200
  401489.8200
  401544.3900
  401596.4100
  401654.5500
  401741.3100
  401791.4400
  401849.6100
  401879.7900
  401988.0600
  402017.5200
  402164.3100
  402220.7100
  402474.1200
  402557.4300
  402582.6900
  402644.0400
  402792.6000
  402854.6700
  402875.7900
  402960.5400
  402991.3200
  403021.5600
  403284.2400
  403412.8500
  403496.0100
  403582.7400
  403678.2000
  403959.3600
  403989.3300
  404099.1000
  404171.1300
  404220.1200
  404571.4200
  404698.2300
  404843.4900
  404927.7000
  405042.7800
  405113.1300
  405273.6900
  405329.4000
  405360.2100
  405430.0200
  405495.4200
  405658.3500
  405724.0200
  405866.3400
  405907.8000
  405974.1000
  406054.8300
  406140.3300
  406470.6000
  406497.6600
  406609.9500
  406752.2700
  406860.5400
  407084.6400
  407116.5000
  407232.1500
  407403.4800
  407455.3200
  407528.1000
  407563.6500
  407620.0200
  407702.9100
  407730.0900
  407819.4000
  407973.6000
  407999.1000
  408033.1500
  408086.9400
  408114.8400
  408207.8700
  408281.4000
  408340.4100
  408369.7200
  408425.5500
  408563.7900
  408649.0500
  408798.5100
  408854.9100
  408911.2500
  408988.8900
  409159.7100
  409299.6300
  409352.8500
  409458.9900
  409523.1300
  409764.6000
  409835.6400
  409923.8100
  410037.7500
  410099.4900
  410150.2800
  410184.2400
  410339.5500
  410579.8200
  410660.5500
  410675.6700
  410901.2700
  410954.2500
  410990.1300
  411124.7100
  411149.4000
  411182.1000
  411209.9400
  411276.8100
  411358.6200
  411439.8600
  411468.4800
  411498.9300
  411524.2200
  411673.5000
  411727.5900
  411758.4000
  411791.2800
  411896.7000
  411948.4200
  412002.4500
  412039.4100
  412099.5300
  412235.1900
  412293.8400
  412441.8600
  412597.5600
  412744.6500
  412884.7800
  412936.0500
  413109.9000
  413285.1600
  413426.8800
  413493.6300
  413525.4600
  413587.3500
  413673.2700
  413732.4000
  413764.0200
  413818.2300
  413879.6700
  413966.5500
  413992.4400
  414050.7600
  414104.1000
  414239.5500
  414411.2700
  414481.7400
  414599.4600
  414619.1100
  414686.8800
  414718.6800
  414751.9500
  414905.7300
  415061.1300
  415172.7900
  415209.6300
  415344.6600
  415377.5100
  415424.7300
  415459.7100
  415485.3900
  415516.9800
  415573.0800
  415656.8700
  415707.0600
  415726.8300
  415764.0900
  415813.8300
  415868.4300
  415924.0800
  415956.8100
  416061.9600
  416099.1600
  416194.3200
  416228.2500
  416277.9600
  416309.2200
  416416.9500
  416443.4400
  416529.0300
  416770.9500
  416799.8100
  416918.1600
  416943.5400
  417007.8600
  417089.3700
  417114.1200
  417148.5600
  417181.9800
  417235.6800
  417313.5900
  417396.4500
  417464.5800
  417554.5200
  417637.2900
  417725.7300
  417779.9100
  417894.8700
  418114.1400
  418173.0900
  418201.7700
  418259.5500
  418347.0600
  418374.9900
  418425.1500
  418557.8400
  418627.2900
  418830.4200
  418982.3400
  419073.3000
  419100.9000
  419125.9800
  419184.3000
  419210.5200
  419264.3100
  419317.0200
  419378.1300
  419468.7300
  419527.4100
  419892.7800
  420062.4300
  420123.2700
  420195.7500
  420336.6900
  420511.1400
  420615.8100
  420808.0800
  420926.3700
  420986.1000
  421021.3200
  421136.2800
  421214.1000
  421275.8100
  421387.4700
  421517.7900
  421543.2300
  421799.5800
  421912.5600
  421937.2500
  422020.8000
  422079.9000
  422107.8300
  422139.5100
  422258.7300
  422400.1500
  422434.5300
  422484.1800
  422576.3100
  422662.1100
  422720.9400
  422774.8800
  422803.2600
  422857.5300
  422968.6800
  423054.9000
  423082.2300
  423216.7800
  423369.6600
  423508.6200
  423624.6600
  423736.9200
  423792.7500
  423873.2700
  423936.3000
  424050.6900
  424156.3800
  424192.0500
  424327.7400
  424489.5000
  424584.6300
  424616.1300
  424649.1000
  424727.4900
  424805.9100
  424955.4000
  425067.6000
  425113.4700
  425214.0900
  425263.8000
  425430.9900
  425517.5100
  425601.3600
  425683.4400
  425778.1200
  425903.1000
  425969.8500
  426090.5100
  426174.3600
  426267.6000
  426308.0400
  426343.1700
  426498.3600
  426660.2700
  426707.6100
  426740.1600
  426775.4100
  426950.3700
  427012.0200
  427062.6900
  427088.4600
  427176.2700
  427332.7200
  427410.5400
  427461.5700
  427627.6200
  427754.9400
  427896.1200
  427974.9000
  428084.6100
  428163.2400
  428244.4800
  428302.1700
  428335.3500
  428393.7300
  428446.8600
  428478.9600
  428625.7500
  428706.1200
  428863.0200
  428895.0900
  429149.8800
  429175.5300
  429206.9100
  429234.1200
  429320.8200
  429375.5400
  429417.7800
  429643.4100
  429960.5100
  430108.3200
  430192.0800
  430282.5600
  430392.4800
  430509.4800
  430768.2900
  430912.2300
  430965.5400
  431092.3200
  431159.3100
  431312.2800
  431466.3300
  431547.3300
  431576.0400
  431624.9100
  431702.4600
  431874.8400
  432029.0100
  432107.4000
  432360.8400
  432560.2200
  432593.2200
  432673.2000
  432791.8200
  432959.6400
  433073.7300
  433135.7100
  433224.5400
  433310.8200
  433393.1700
  433444.0500
  433474.7400
  433526.8500
  433588.5300
  433670.0400
  433859.1600
  434799.9300
  434913.2400
  435222.8100
  435577.6200
  435872.2500
  436049.8200
  436133.4900
  436319.0700
  436470.4200
  436501.4400
  436557.3600
  437447.6400
  437536.2600
  437649.3300
  437800.4100
  438106.3500
  438319.4700
  438449.9100
  438589.9500
  438610.3800
  438675.1500
  438756.9000
  438838.0800
  438986.3700
  439069.6200
  439138.2000
  439316.2200
  439354.6500
  439593.5400
  439824.5100
  439979.1600
  440031.2700
  440162.8500
  440301.9300
  440540.9400
  440770.5000
  440905.0200
  441156.2700
  441212.1600
  441241.5000
  441381.3600
  441521.4900
  441602.0700
  441627.3000
  441772.7100
  442004.8200
  442145.7300
  442289.4900
  442317.6900
  442518.3300
  442573.3800
  442696.4100
  442771.9800
  442871.2500
  442983.2700
  443001.4800
  443067.9000
  443113.6200
  443270.1900
  443297.4300
  443372.3100
  443473.1700
  443611.9800
  443838.8700
  443936.5800
  443995.9800
  444193.7400
  444308.5500
  444341.5800
  444452.8200
  444672.3000
  444744.5700
  445000.1100
  445171.3200
  445373.2800
  445487.6700
  445957.7700
  446107.2600
  446157.9000
  446340.3300
  446609.4000
  446848.2600
  446944.7400
  447047.1300
  447197.6700
  447256.4700
  447334.8900
  447563.0400
  447837.3900
  447956.1300
  448189.1100
  448253.0400
  448318.2900
  448555.7400
  448579.2300
  448664.9400
  448888.9500
  449286.7200
  449417.4600
  449496.6900
  449605.7100
  449690.3700
  449804.4900
  449978.4000
  450037.8900
  450092.5800
  450202.6200
  450345.8100
  450402.8400
  450492.3900
  450574.9500
  450801.2700
  450888.2100
  450975.1500
  451204.0800
  451231.7700
  451334.7900
  451441.5000
  451699.6200
  451756.3800
  451911.8700
  452000.9100
  452163.1800
  452348.0400
  452543.0700
  452630.5500
  452805.6300
  452918.3400
  453035.8800
  453227.4600
  453277.4100
  453356.9100
  453485.2500
  453539.9400
  453664.5600
  453834.5400
  453891.3300
  454004.4600
  454062.9600
  454110.0000
  454233.3300
  454475.7600
  454561.4400
  454701.5100
  454863.9600
  454919.4600
  454980.5700
  455010.8100
  455068.3800
  455101.8600
  455312.1300
  455376.6600
  455410.1400
  455851.5300
  456104.0400
  456172.1700
  456330.2400
  456600.9300
  456664.8900
  457406.6400
  457490.8800
  457582.5000
  457886.6400
  457915.2600
  458154.5700
  458179.0500
  458291.1600
  458429.6400
  458493.6300
  458576.2200
  458690.8800
  458720.1000
  458947.2900
  458976.5700
  459370.5900
  459460.7100
  459595.2000
  460070.1600
  460194.8400
  460206.1500
  460252.4400
  460590.9900
  460721.8200
  460962.9900
  461129.1600
  461214.3300
  461314.1100
  461542.0500
  461602.3500
  461640.7500
  461857.5900
  461956.9200
  462173.8800
  462195.9600
  462323.7000
  462363.5400
  462527.2500
  462631.9800
  462738.5400
  462885.7500
  462962.7300
  463369.6500
  463457.0700
  463612.7100
  463843.8600
  463954.6500
  464043.0000
  464326.0800
  464460.7800
  464512.4400
  464985.3900
  465080.5200
  465106.6200
  465227.1900
  465317.4300
  465559.6500
  465604.5900
  465617.7600
  465643.2300
  465672.3600
  465694.0800
  465711.5100
  465756.3600
  465840.0600
  465906.0300
  465953.9700
  465990.9900
  466053.3900
  466107.1200
  466162.8900
  466247.0100
  466377.8400
  466420.4100
  466512.6900
  466615.0800
  466650.1500
  466801.6800
  466909.0500
  467055.4500
  467283.7200
  467772.7500
  467926.8900
  467957.0400
  468242.8200
  468378.7800
  468817.7100
  468931.8300
  469144.6500
  469375.8000
  469539.2400
  469769.9700
  469800.2700
  469934.1000
  470115.7500
  470175.6300
  470314.6500
  470542.1100
  470682.1800
  470738.0700
  470905.7100
  470968.8300
  471139.1100
  471276.1500
  471350.3700
  471556.1400
  471608.3100
  471715.4400
  471999.7200
  472024.3800
  472057.5900
  472268.0400
  472381.9800
  472459.5000
  472549.3200
  472659.6600
  472715.1600
  472801.9800
  472837.6200
  472946.6400
  473175.6600
  473208.3000
  473423.5200
  473481.1200
  473534.9100
  473736.9900
  473789.4600
  473932.4100
  474016.5300
  474224.3400
  474320.5500
  474631.1700
  474664.8900
  474779.8800
  474858.0600
  474936.8400
  475190.5500
  475298.5200
  475381.3500
  475521.3300
  475742.2200
  475941.0900
  476080.5900
  476139.9600
  476163.4200
  476317.3800
  476334.6900
  476342.1600
  476447.5200
  476545.5000
  476603.2500
  476654.6400
  476834.1900
  476946.8400
  476979.2400
  477495.3900
  477725.8800
  478197.0300
  478275.1800
  478317.6900
  478412.4600
  478616.6100
  478867.2300
  479001.9900
  479137.4700
  479240.0700
  479552.0400
  479575.7100
  479603.5800
  479630.7600
  479829.5100
  480033.3000
  480086.8500
  480192.3900
  480407.3700
  480434.2200
  480499.5000
  480525.0900
  480693.9600
  480779.3400
  480969.2400
  481049.9100
  481129.7700
  481233.0900
  481313.4900
  481383.0000
  481392.7800
  481457.7600
  481597.9200
  481716.4800
  481774.4700
  481859.1000
  481924.2900
  481956.6300
  482009.0700
  482308.6800
  482395.6200
  482458.8600
  482572.5000
  482685.4800
  483021.5400
  483112.7100
  483192.6900
  483272.8800
  483347.7600
  483488.4000
  483571.8900
  483598.6200
  483631.5300
  483681.0600
  483764.0100
  483980.4300
  484054.4100
  484222.3200
  484256.5800
  484455.8700
  484538.9100
  484598.2200
  484675.2600
  484770.3300
  484828.3800
  484856.6700
  485010.9000
  485300.4000
  485349.7200
  485402.5800
  485500.8600
  485641.1100
  485716.3800
  485802.4500
  486045.1800
  486059.8200
  486119.8500
  486208.6500
  486239.3400
  486352.8600
  486388.0800
  486482.8500
  486660.0600
  486675.4800
  486789.6600
  486954.8100
  487109.0700
  487136.8800
  487168.5000
  487224.4800
  487481.8200
  487584.9300
  487648.8900
  487689.7500
  487732.4100
  487737.7200
  487917.9300
  488098.5900
  488339.8800
  488429.3100
  488549.4000
  488675.9100
  488953.0800
  489170.7900
  489342.3600
  489542.8500
  489574.2600
  489852.7800
  490073.1900
  490079.5500
  490219.7100
  490306.0200
  490319.7000
  490425.4800
  490535.6700
  490697.0700
  490814.9400
  490845.6000
  490902.1500
  490987.2000
  491073.5100
  491129.3400
  491260.2600
  491315.4000
  491496.1500
  491638.2900
  491728.3500
  491962.6200
  492027.0000
  492079.4700
  492161.0100
  492388.6500
  492447.0900
  492640.3800
  492689.0400
  492718.6800
  492877.9200
  492925.2600
  493128.5100
  493160.9100
  493189.3200
  493377.9600
  493463.5500
  493523.2200
  493572.1800
  493636.8900
  493663.9500
  493731.3900
  493952.6400
  494009.9700
  494108.0400
  494303.0100
  494330.4600
  494366.8500
  494412.7500
  494442.2100
  494526.7500
  494620.0500
  494637.2400
  494873.8200
  494910.9300
  495164.5800
  495320.6100
  495439.5300
  495528.9300
  495814.2000
  495881.1300
  495965.2500
  496162.4700
  496248.9600
  496331.2500
  496397.2800
  496429.4700
  496585.7400
  496817.8500
  496847.1900
  496954.2000
  497037.9900
  497118.4800
  497237.4900
  497455.5300
  497545.6800
  497613.1500
  497666.5200
  497730.2100
  497911.0800
  498000.2100
  498190.7100
  498267.1800
  498303.7800
  498391.1100
  498618.9000
  498637.9800
  498688.0200
  498786.9600
  498952.3500
  499020.3600
  499035.3000
  499293.5700
  499423.4100
  499570.0800
  499616.4900
  499758.3900
  499804.3800
  499842.5700
  500053.7700
  500101.1700
  500328.3000
  500448.0000
  500527.7400
  500554.1100
  500758.4100
  500814.5100
  500962.7400
  501037.0200
  501078.7200
  501378.7200
  501490.7400
  501560.3700
  501647.4300
  501804.8100
  501978.2400
  502064.0400
  502120.3500
  502274.4600
  502386.3600
  502511.6400
  502738.6800
  502796.6700
  502964.0700
  503029.5000
  503076.1200
  503132.7000
  503241.3900
  503325.7500
  503556.5700
  503712.3000
  503776.5900
  503871.7200
  503903.4900
  503955.3900
  503983.0200
  504109.7100
  504264.5700
  504364.9200
  504424.3500
  504661.8000
  504995.0700
  505104.3900
  505164.2700
  505213.3800
  505243.3200
  505397.5800
  505468.1400
  505564.2600
  505614.7800
  505705.7700
  505772.0100
  505846.5300
  505867.5600
  505930.4100
  505987.7700
  506010.7800
  506187.8100
  506245.9200
  506268.5700
  506422.8600
  506472.6000
  506543.3400
  506622.9300
  506658.2700
  506707.7100
  506811.3600
  506866.3500
  506964.8400
  507239.0700
  507320.2200
  507430.5300
  507461.1600
  507688.2300
  507776.0400
  507834.3900
  507894.0300
  508000.2300
  508060.2600
  508253.8800
  508613.1300
  508645.7100
  508665.0600
  508689.9300
  508705.8000
  508799.7600
  508883.0100
  509017.8300
  509088.7200
  509120.8800
  509157.9900
  509270.7900
  509340.3300
  509416.1100
  509451.1200
  509485.0800
  509541.8400
  509591.2500
  509669.2200
  509734.2000
  509755.4100
  509803.9800
  509844.8700
  509904.3600
  510050.3700
  510098.3400
  510131.3400
  510242.4300
  510462.4800
  510786.4200
  510815.3700
  510853.7100
  510869.1000
  510888.1200
  510906.2100
  510914.2500
  510956.7000
  510985.2900
  510998.3700
  511093.2300
  511179.9900
  511207.3500
  511304.1600
  511453.2900
  511516.5600
  511562.9400
  511590.1200
  511618.8600
  511632.0900
  511653.6600
  511682.7300
  511798.3800
  511823.7300
  511877.1300
  511908.0000
  511968.4800
  512115.5700
  512159.4900
  512203.3500
  512310.4200
  512709.9900
  513070.8000
  513136.4400
  513154.3800
  513164.4600
  513173.4000
  513303.2400
  513350.8800
  513424.9500
  513539.3100
  513561.3900
  513595.8000
  513630.3600
  513669.6000
  513776.5800
  513810.2400
  513846.5400
  513869.8500
  513974.1000
  514021.8600
  514048.6500
  514105.5000
  514163.0700
  514224.2100
  514306.9800
  514360.7100
  514410.4500
  514493.0400
  514519.3800
  515347.8900
  515373.4800
  515415.8100
  515450.4600
  515484.8700
  515492.4900
  515600.4000
  515678.0700
  515715.5400
  515777.8800
  515912.8200
  515964.3600
  516024.5700
  516104.7600
  516136.8600
  516205.6200
  516227.2800
  516286.0200
  516340.2900
  516368.4300
  516450.2400
  516493.1100
  516525.6900
  516581.2200
  516672.7800
  516735.3600
  516815.6400
  516904.8300
  517501.7400
  517520.9400
  517555.6200
  517564.7400
  517575.8700
  517633.6800
  517668.6900
  517696.8000
  517708.3500
  517722.8400
  517746.4500
  517849.0200
  517926.5100
  517962.9000
  518026.2300
  518111.5500
  518136.8700
  518222.5200
  518249.3100
  518282.3400
  518364.2400
  518418.3300
  518508.9000
  518657.2500
  518684.6400
  518714.4600
  518776.5300
  518811.5700
  518896.5000
  518969.9400
  519115.2300
  519617.0100
  519734.2500
  519757.1100
  519779.3100
  519791.7600
  519807.6000
  519818.7000
  519825.5400
  519844.8900
  519861.7800
  519939.3000
  519970.2300
  519995.2200
  520003.8000
  520109.5500
  520245.9300
  520257.8700
  520283.3100
  520356.1500
  520426.1700
  520473.4800
  520539.1800
  520579.4700
  520651.6200
  520727.4300
  520853.8200
  520928.7300
  521004.7800
  521034.4800
  521124.2400
  521187.1800
  521292.5100
  521330.4300
  521925.2700
  521999.4900
  522039.6900
  522097.8900
  522140.6100
  522180.3900
  522196.3800
  522231.9000
  522253.2300
  522260.4600
  522360.2100
  522430.3800
  522502.7400
  522540.4800
  522579.0900
  522609.8700
  522647.6700
  522690.1800
  522785.8500
  522801.9600
  522854.3700
  522933.9000
  523020.7200
  523049.5800
  523147.5300
  523294.0500
  523320.5400
  523368.5700
  523399.4100
  523546.5900
  523837.8900
  523948.5000
  524123.4300
  524161.9800
  524206.4700
  524243.5200
  524262.3000
  524331.3900
  524369.3100
  524402.1600
  524485.0800
  524503.0500
  524516.7900
  524581.0800
  524614.4100
  524664.0000
  524690.2200
  524773.4100
  524826.9900
  524938.0800
  524970.3300
  525081.2400
  525106.5900
  525189.5400
  525284.8200
  525498.0000
  525509.9700
  525621.4800
  525653.2800
  525768.6900
  525995.1300
  526087.7100
  526312.2300
  526388.5800
  526419.7800
  526455.4800
  526524.0900
  526589.0100
  526623.1800
  526635.1200
  526652.7300
  526763.0400
  526774.7100
  526799.1900
  526837.9500
  526907.3400
  526946.1000
  527016.5700
  527053.6500
  527089.5900
  527134.5000
  527207.7900
  527235.7800
  527319.3000
  527396.3700
  527448.4800
  527556.9300
  527596.2300
  527653.7700
  527684.2800
  527795.5800
  527844.8700
  527996.8200
  528033.8100
  528258.0000
  528629.9700
  528647.8800
  528715.8300
  528732.8400
  528744.5700
  528752.9100
  528771.5400
  528781.1400
  528820.2600
  528857.9100
  528890.3400
  529066.4700
  529141.2300
  529170.7200
  529207.5600
  529244.1300
  529282.6500
  529317.3000
  529430.2200
  529517.5500
  529550.5200
  529601.4000
  529663.0500
  529692.0900
  529740.9600
  529854.0600
  529999.0200
  530425.1100
  530463.4200
  530499.3000
  530529.3000
  530539.5900
  530564.1600
  530601.1500
  530674.5900
  530704.5900
  530712.6000
  530748.5400
  530881.8600
  530916.5100
  530955.9900
  530984.5800
  531066.8100
  531130.5300
  531214.2600
  531267.5700
  531296.4000
  531378.5400
  531436.6500
  531463.3800
  531520.5600
  531551.5500
  531697.7700
  531863.0700
  532225.6200
  532580.6400
  532597.7400
  532629.1200
  532712.4000
  532758.7500
  532778.0100
  532848.7200
  532895.2800
  532923.4800
  532995.3600
  533028.2100
  533077.9200
  533102.1600
  533174.9100
  533305.9200
  533430.3300
  533458.9500
  533515.8600
  533550.1800
  533578.9500
  533634.9900
  533785.3800
  533823.1500
  533857.4400
  533972.9100
  534006.0300
  534082.2600
  534114.9600
  534727.7400
  534780.7200
  534823.3200
  534864.2400
  534885.5400
  534904.8000
  534980.8200
  535004.4300
  535016.7300
  535095.6000
  535296.1800
  535324.5900
  535361.2800
  535432.8600
  535506.1800
  535527.6600
  535564.8600
  535649.2800
  535686.7500
  535739.4300
  535812.8100
  535842.0600
  535872.4800
  535898.9700
  535960.4100
  536068.0200
  536258.6400
  536371.3800
  536516.1000
  536999.2200
  537016.5300
  537078.3300
  537107.1900
  537130.4100
  537145.4100
  537166.9500
  537218.0100
  537235.4100
  537272.2500
  537304.5900
  537323.5800
  537336.8100
  537396.3000
  537468.7200
  537515.0700
  537576.2700
  537615.1800
  537653.8800
  537688.4400
  537772.2300
  537863.3400
  537891.7500
  537970.2900
  538176.3300
  538312.1700
  538368.1500
  538408.5300
  538442.6700
  538469.7300
  539275.3500
  539291.3700
  539340.2100
  539371.5600
  539401.5600
  539408.6100
  539417.1600
  539484.5400
  539584.7700
  539599.8000
  539634.7500
  539699.6400
  539802.2700
  539833.4100
  539873.7000
  539930.9100
  539988.5100
  540104.6100
  540211.5300
  540270.4500
  540352.3800
  540384.6900
  540468.0300
  540516.9000
  540579.9900
  540740.2500
  541004.1900
  541138.9200
  541287.5400
  541437.6300
  541470.3900
  541497.8100
  541508.9700
  541546.2900
  541562.7300
  541619.5800
  541639.5300
  541658.1600
  541693.2600
  541705.7100
  541735.8900
  541775.9400
  541837.8300
  541980.1800
  542017.7400
  542050.8000
  542144.1000
  542231.5500
  542313.9900
  542461.8900
  542486.4900
  542520.3000
  542545.8600
  542678.3400
  542742.4800
  542885.5800
  542921.9100
  543029.4000
  543051.4800
  543573.6600
  543630.3900
  543680.9400
  543709.2900
  543778.8000
  543805.9500
  543898.7400
  543923.9400
  544002.8100
  544046.8200
  544135.7400
  544206.5100
  544305.2700
  544323.7500
  544433.6400
  544458.8400
  544506.1500
  544532.9100
  544590.5700
  544621.8300
  544795.6500
  544824.2400
  544850.3100
  544882.4100
  545056.3500
  545106.0000
  545216.9700
  545249.2200
  545551.8600
  545589.6300
  545881.6500
  545924.5200
  545953.3500
  545985.5700
  546104.0400
  546140.1900
  546150.0000
  546284.5500
  546335.1000
  546358.2900
  546472.2900
  546529.8600
  546569.1600
  546746.9100
  546870.7200
  546922.6200
  546968.6400
  547008.1500
  547060.8000
  547148.5200
  547208.6400
  547234.7400
  547319.1600
  547355.0100
  547385.4000
  547430.1600
  547465.6500
  548133.3900
  548205.4200
  548213.9400
  548248.9200
  548287.9500
  548327.6100
  548427.6300
  548502.9000
  548546.8200
  548644.3500
  548684.4300
  548746.8300
  548795.6700
  548860.1400
  548943.0300
  548970.2100
  549025.3800
  549080.1000
  549105.8100
  549247.7400
  549349.9500
  549503.4000
  549548.2200
  549578.9400
  549689.2500
  549816.2700
  550331.9100
  550374.6600
  550408.8900
  550510.7100
  550552.5300
  550559.7300
  550594.6800
  550607.2500
  550663.3200
  550723.4400
  550795.2600
  550847.0700
  550884.2100
  550940.2500
  550971.0300
  551004.4200
  551083.3200
  551114.7600
  551218.9200
  551288.4000
  551306.4300
  551373.8400
  551389.6800
  551417.8800
  551616.0000
  551871.5700
  551910.5100
  551949.3300
  552067.5300
  552598.3500
  552915.9900
  553116.6000
  553640.0700
  554181.4500
  554240.8800
  554466.9300
  554668.3800
  554697.7500
  555236.9700
  555288.3900
  555374.7600
  555525.0600
  555608.6400
  555697.1400
  555783.8100
  556059.1500
  556318.2300
  556489.0500
  556715.6700
  556907.5500
  556949.4600
  557124.6000
  557241.6000
  557657.1300
  557794.6800
  557915.7300
  557999.3100
  558229.3500
  558256.4100
  558385.6500
  558406.9500
  558569.2800
  558805.8600
  558987.9900
  559441.6200
  559749.5100
  559905.0600
  559935.0900
  560425.3500
  560474.0700
  560727.1800
  560774.7000
  560936.0100
  561033.0900
  561092.0100
  561205.9800
  561436.0200
  561482.4600
  561531.2700
  561608.3400
  561726.9000
  561914.1900
  561965.4300
  561999.0600
  562221.9600
  562399.8000
  562541.3700
  562621.8300
  563025.3000
  563091.7500
  563236.8600
  563758.8600
  563886.9000
  563993.3700
  564011.0700
  564169.7400
  564232.6800
  564649.6200
  564757.0200
  564911.1300
  565006.9200
  565073.3700
  565137.9300
  565223.0100
  565282.9200
  565317.7500
  565371.6900
  565454.8200
  565465.2600
  565489.5300
  565514.3400
  565542.8100
  565574.5200
  565711.5000
  565784.7300
  565851.5400
  565958.5500
  566010.4500
  566146.7700
  566191.2300
  566214.6600
  566251.8600
  566309.1000
  566353.1400
  566472.7500
  566531.9100
  566559.6900
  566616.1200
  566644.3500
  566674.5900
  566734.8900
  566853.0000
  566902.2600
  566946.2400
  567019.6200
  567069.3300
  567102.1800
  567183.6000
  567235.8300
  567264.0900
  567327.3900
  567433.6500
  567493.6500
  567571.3500
  567668.3700
  567718.1700
  567744.6300
  567834.3900
  567886.4700
  567907.4100
  567985.9800
  568060.7400
  568114.7400
  568263.7200
  568294.7400
  568314.9900
  568347.6300
  568375.3500
  568395.6600
  568532.4900
  568628.0100
  568690.0200
  568792.7100
  568819.2900
  568962.3000
  568991.2200
  569084.4000
  569149.0500
  569207.9400
  569281.6500
  569448.7500
  569475.6300
  569537.6100
  569593.7700
  569665.7700
  569689.1100
  569772.6000
  569830.4100
  569979.0000
  570012.1500
  570061.3200
  570121.5900
  570174.6600
  570211.1100
  570264.5400
  570316.9200
  570437.4300
  570529.9200
  570613.4400
  570731.3100
  570813.3900
  570846.2100
  570869.1000
  570952.6200
  571017.3300
  571147.6500
  571326.4200
  571404.9000
  571725.9300
  571799.8200
  572004.6600
  572053.0500
  572108.5800
  572166.8400
  572421.9000
  572550.3000
  572586.2700
  572660.4600
  572769.0600
  572823.7800
  572890.7400
  572970.6900
  573145.6200
  573171.9300
  573340.5000
  573367.0200
  573413.0100
  573439.0200
  573544.0800
  573571.7400
  573627.9000
  573652.9200
  573710.3400
  573764.3100
  573810.9300
  573841.7400
  573958.5000
  574015.2900
  574175.7600
  574241.6700
  574267.6500
  574349.5200
  574379.1300
  574478.7900
  574598.6400
  574710.5100
  574733.1600
  574820.1900
  574875.2400
  574993.4100
  575041.0800
  575102.0700
  575123.8200
  575182.4700
  575259.2400
  575541.2700
  575776.2300
  575801.7300
  575832.0300
  575885.0700
  575945.1300
  576002.7600
  576061.6200
  576319.7700
  576377.4000
  576457.1100
  576546.2700
  576570.6000
  576736.2000
  576875.4300
  576911.8800
  577021.9500
  577054.2300
  577076.4000
  577160.7600
  577251.0900
  577302.9600
  577408.0500
  577500.5700
  577528.8600
  577752.9600
  577917.3600
  577946.7600
  578071.5600
  578199.2700
  578367.1200
  578392.8300
  578415.6600
  578442.5700
  578471.3100
  578520.6900
  578734.7400
  578761.2300
  578786.6100
  578886.8700
  578989.7400
  579032.4300
  579055.9800
  579087.5400
  579162.6300
  579201.8100
  579277.8300
  579344.5200
  579586.7400
  579901.7100
  579985.3200
  580053.4500
  580078.5300
  580234.6500
  580404.3300
  580443.7200
  580551.9600
  580598.0100
  580734.4200
  580760.9400
  580855.8300
  580937.0700
  581052.5400
  581140.1100
  581169.6900
  581325.0300
  581410.8000
  581588.0100
  581639.1000
  581697.7500
  581808.0300
  581994.8400
  582048.7500
  582156.1500
  582234.6900
  582288.0300
  582404.9700
  582452.7000
  582521.0400
  582633.9600
  582682.2000
  582783.5700
  582811.3200
  582885.1800
  583001.2800
  583178.5500
  583230.4800
  583390.6800
  583480.3800
  583687.7400
  583722.3900
  583834.9500
  583886.6100
  583945.8900
  584088.6300
  584192.2500
  584295.9900
  584356.0800
  584382.5400
  584461.8600
  584523.9900
  584592.4800
  584763.9000
  584821.5600
  584924.8500
  584960.4300
  584989.4400
  585049.0500
  585096.4500
  585120.2100
  585136.6500
  585210.8700
  585362.7600
  585443.5500
  585611.9400
  585696.5400
  585782.8500
  585816.9900
  585898.2900
  585952.1100
  586008.5400
  586043.7600
  586129.9200
  586190.3100
  586211.4600
  586269.6000
  586353.3600
  586408.1100
  586470.7200
  586556.4300
  586761.9600
  586866.6900
  586996.5300
  587283.2700
  587324.9100
  587380.4700
  587426.8500
  587539.8900
  587653.6800
  587681.4600
  587710.6500
  587996.1300
  588052.6500
  588190.6200
  588288.2100
  588529.4100
  588616.6200
  588701.0400
  588810.6300
  588954.9600
  589088.2500
  589169.7900
  589465.9200
  589549.8300
  589611.9900
  589655.1300
  589774.0200
  589803.7200
  589823.2800
  589891.4400
  589972.7400
  590003.1000
  590059.9500
  590121.2100
  590248.6800
  590327.3700
  590413.9800
  590449.5300
  590502.1500
  590557.8300
  590650.5900
  590674.7100
  590703.9300
  590764.4100
  590811.9600
  590940.2100
  590996.6100
  591075.3000
  591107.6100
  591165.5700
  591310.4400
  591366.5400
  591474.2400
  591518.3100
  591627.3900
  591728.7900
  591779.3700
  591943.3500
  592122.0000
  592147.4100
  592203.0600
  592235.8200
  592345.4700
  592429.2000
  592486.2600
  592517.4600
  592596.7800
  592672.3800
  592720.5300
  592788.5100
  592820.1900
  592899.5700
  593095.8600
  593159.4300
  593217.9000
  593305.0200
  593387.2200
  593466.4500
  593511.2700
  593721.6600
  593774.9100
  593921.3700
  593973.6600
  594004.3500
  594158.6100
  594235.0200
  594352.8000
  594581.1300
  594600.7800
  594680.4000
  594773.4300
  594855.6300
  594921.0000
  594946.1700
  594999.6000
  595195.3500
  595264.4700
  595350.8100
  595552.6500
  595601.6700
  595659.8400
  595727.8500
  596026.6200
  596165.0400
  596256.4200
  596288.4900
  596339.5800
  596375.5500
  596451.6600
  596512.7400
  596675.2200
  596737.6500
  596762.7600
  596922.3600
  597009.2400
  597063.6000
  597088.6500
  597145.8300
  597453.9300
  597492.0300
  597588.8100
  597634.5900
  597689.2800
  597799.8000
  597948.2100
  598102.4100
