Event parameters: 20120411d_freqx2_3.flt
      On time
   20306.9700
   27000.0300
   36992.1600
   43831.7700
   48211.6500
   68908.1700
   75244.6800
  115979.6100
  117394.4400
  126221.3400
  172301.2200
  206752.8300
  207828.3900
  208331.7900
  209279.5200
  209310.0300
  209507.3700
  212936.4300
  217002.8700
  223351.2000
  223369.5900
  224261.1600
  253666.9500
  319592.1000
  320172.4200
  320458.1700
  322052.4000
  324843.3300
  330988.2600
  331527.7500
  370274.7900
  386336.3700
  396577.5000
  402080.5200
  433764.3600
  440836.8900
  444735.0900
  458932.5300
  466861.2000
  481055.2800
  488186.2800
  501281.7600
  516985.2900
  517601.0100
  517779.0300
  519155.1900
  528889.7700
