Event parameters: 20120411d_freqx2_3.flt
      On time
    1826.6400
    4520.7300
    7585.5600
   12259.1400
   17668.3800
   17751.2400
   18442.5000
   18468.2400
   19197.6900
   26827.0200
   27783.9300
   27798.6000
   29187.4800
   31732.2000
   33088.8900
   33153.0900
   33767.7600
   33799.5300
   33849.1500
   33944.0100
   35129.2800
   35614.1400
   36375.6300
   36452.1900
   36631.4400
   36759.9900
   37085.6700
   37472.0100
   39452.2200
   43292.6400
   44473.7700
   46330.2300
   47382.5400
   47496.8700
   47624.7000
   47833.7700
   47983.8000
   48071.4600
   48212.3400
   48326.5800
   48385.9800
   48418.8900
   48919.7700
   48994.2000
   55104.4200
   56023.4700
   56450.7900
   56592.1500
   57663.8100
   58129.0800
   58646.8800
   60710.7300
   61186.0200
   62370.6000
   62534.1300
   63750.7200
   67901.3700
   68851.0200
   68878.3800
   71146.0200
   71334.0000
   73369.5900
   75197.7900
   75355.5000
   80774.7000
   81890.8200
   86679.1800
   89313.1500
   92096.7300
   94799.1300
   96356.2500
   96387.9000
   97474.7400
   98099.8500
  102280.6500
  107248.7400
  110040.9900
  111909.3300
  111953.1900
  112043.2500
  112076.8500
  112101.3900
  115462.9800
  118491.6000
  118558.7100
  118796.1600
  119830.6800
  122888.0400
  123022.3800
  123095.6100
  123523.8600
  123636.0600
  124189.4100
  124282.0200
  127266.0000
  128612.8200
  129099.2400
  131710.8600
  138111.8100
  139783.8900
  139943.3100
  139975.6200
  139981.6200
  140005.5600
  140035.3800
  140094.8700
  140815.5300
  141468.9600
  149911.8600
  152832.4500
  162898.5000
  176518.7100
  178198.6800
  178251.0600
  181606.0800
  184707.6300
  184851.0300
  189344.7300
  189820.7700
  195342.4500
  196321.4400
  197086.6500
  197970.4200
  199166.0700
  200327.4300
  201439.5600
  204406.6800
  204812.9400
  206792.8800
  206798.5200
  209121.2400
  209229.6900
  209467.2600
  210800.2800
  211257.8100
  211286.4000
  211297.8600
  211306.7100
  213136.4100
  214963.7100
  220685.8500
  220745.6400
  222321.9300
  222355.1100
  222508.5900
  223567.1400
  223787.5500
  225852.6600
  228709.6200
  229501.1100
  231247.9800
  231392.8500
  231494.4000
  233519.0700
  234868.6800
  235527.5100
  236911.4100
  240740.4600
  241082.5800
  241227.9600
  241263.5700
  241426.7400
  243986.7300
  247614.2700
  251736.9600
  252550.6200
  255768.3900
  268242.6900
  268797.3000
  269827.5000
  269882.5800
  270753.3000
  271098.1800
  271322.2200
  271887.7200
  272129.2800
  273376.3200
  273835.7700
  273981.0300
  274692.0000
  275645.1000
  275729.6100
  275990.5500
  276047.8800
  276499.5000
  278208.9000
  278843.4600
  279522.1800
  279582.3000
  280187.4000
  280731.9900
  283572.1200
  284239.9800
  284965.5000
  287022.2700
  287792.7000
  289959.6900
  290598.0300
  290694.6900
  291438.2700
  293652.6300
  297254.1900
  297259.7700
  298912.7400
  301048.6200
  302249.7000
  302715.1200
  302828.9100
  303323.6700
  304232.7000
  307010.7300
  308656.3500
  309015.2400
  310092.3000
  310889.2200
  316243.2600
  324369.1200
  324374.8200
  326046.7800
  326588.6400
  331378.1400
  333037.4400
  333043.8300
  333094.8000
  333186.0000
  333304.6800
  334265.9700
  334743.0600
  341535.6600
  344612.9700
  346979.8500
  357881.0700
  363502.8300
  365411.0100
  365801.6400
  366817.5900
  366903.3000
  367938.7800
  373870.6200
  374270.2800
  375224.1900
  375702.3900
  379096.5900
  380078.3100
  383170.3500
  385353.0600
  393488.6700
  393519.9600
  393643.6200
  398693.5200
  399226.5900
  399312.9300
  399459.3600
  408338.1600
  409842.5700
  421993.8900
  422798.6100
  427028.9700
  427257.3000
  433794.1800
  433797.9300
  442955.8200
  444146.7600
  444330.9000
  454713.6000
  454722.3900
  454753.4400
  454757.8500
  454850.5500
  454878.8400
  455253.8100
  465468.1200
  465602.3400
  465663.6300
  465866.3100
  466132.1400
  466268.6400
  466563.8100
  466571.3700
  466646.0700
  476258.5200
  476291.9400
  476441.6400
  476508.1200
  476540.3100
  484284.9300
  487049.4600
  487135.1700
  487165.2600
  487256.0700
  487284.8100
  487374.3300
  487580.5200
  487616.5200
  489513.6900
  491965.7100
  492426.9300
  496251.4500
  503327.7900
  506085.3300
  508569.0000
  508647.6900
  508720.4100
  508774.5000
  508867.4400
  508948.6500
  508986.1800
  509047.9800
  509899.7400
  510013.9800
  510871.3800
  510922.7400
  511094.6400
  511201.0200
  511374.9900
  511939.3200
  512000.6700
  513155.9100
  513310.1700
  513522.8700
  513559.8000
  513631.9500
  515351.5500
  515443.5900
  515459.9700
  515805.0300
  516521.9700
  516668.5200
  516732.9000
  517572.8400
  517662.2400
  517671.6000
  517771.2300
  517919.8800
  518060.9400
  518170.8000
  518741.4600
  518923.9500
  519821.2500
  519941.0400
  520138.5300
  520208.8800
  520953.9300
  521175.2700
  522079.4100
  522102.3300
  522171.6600
  522226.1400
  522286.8600
  522328.9500
  522427.8000
  523394.5800
  524280.0900
  524317.7400
  524436.3300
  524501.4300
  524799.6000
  526563.3600
  526579.4400
  526880.0700
  527503.4400
  527762.9100
  528732.8400
  528804.7200
  528859.4400
  528878.9700
  528952.2300
  529062.0300
  529097.8800
  529840.0200
  530606.0400
  530672.6700
  530702.2500
  530812.4100
  530845.3800
  531661.4100
  532666.5600
  532819.1400
  532920.1800
  532993.6800
  534849.2100
  535291.5300
  536177.8500
  537110.1600
  537142.5300
  537250.6200
  538251.3900
  539329.5300
  539364.3000
  539556.1800
  539690.5800
  540575.1000
  541489.8300
  541766.2800
  541798.4100
  542016.5400
  542457.3600
  544062.5400
  544207.6800
  544278.5700
  546065.7000
  546204.6300
  546314.3700
  546323.2500
  546385.4100
  546423.0600
  548372.7000
  548405.9400
  548468.3100
  548498.5500
  549274.5300
  549395.1300
  549421.0800
  549537.4500
  549657.2700
  550473.1800
  550716.9900
  565074.8100
  565131.5400
  565136.3400
  565165.8300
  565252.3800
  565430.0700
  567687.6600
  570674.8500
  571431.6900
  572339.8500
  577693.4400
  578308.7400
  584596.8300
  585923.6100
  587457.2700
  589835.3100
  592117.1100
  592174.6800
  594545.7000
  596980.6800
  597062.0100
