Event parameters: 20120411d_freqx2_3.flt
      On time
     279.2400
     552.3900
    1058.8800
    1656.2100
    3530.0700
    3788.9400
    4110.5100
    5941.1100
    6570.1800
    6924.2700
    8760.7500
    8999.3700
    9388.9500
   10016.1000
   10148.0100
   11478.7800
   11926.6500
   13827.3000
   14163.6600
   14237.7900
   14352.4200
   16181.5800
   16245.8400
   16353.6000
   16770.5400
   17053.2300
   17265.4800
   17929.5900
   18274.5000
   19152.2700
   20200.4400
   20342.5800
   20508.9600
   20755.0500
   20917.0500
   21232.6200
   23003.7600
   23127.4200
   23265.6000
   23353.8000
   23670.6900
   23907.3600
   25395.3600
   25741.7400
   26393.7300
   27873.7800
   29249.8800
   29512.6800
   29887.2900
   30282.1800
   30567.1800
   31243.5900
   31820.5800
   32621.2200
   35415.8700
   36137.8200
   36492.6300
   36642.9000
   36696.3300
   38260.4400
   38526.0300
   38545.8300
   39036.0600
   40586.2800
   41416.3800
   41774.4900
   42569.6400
   43796.8200
   45253.0800
   46094.2800
   46355.4300
   48729.9300
   48762.9600
   48851.0100
   49274.4900
   50095.1100
   50854.2900
   51204.9300
   51747.5400
   51924.0000
   52300.8000
   53950.0500
   54372.1800
   54390.2700
   55653.6000
   56292.8700
   56309.8200
   56382.1800
   57306.4800
   58671.6900
   58698.6300
   58759.4100
   58993.9200
   59715.3600
   59865.6300
   60384.7500
   60847.6200
   62053.5300
   62589.6900
   63605.5200
   64054.4100
   64899.6300
   65184.5400
   65642.5800
   65730.5100
   65824.2600
   65865.5400
   66257.6400
   67310.7900
   67789.0500
   68256.6300
   68596.3800
   68839.9800
   69060.3000
   70929.9600
   71812.2600
   72025.7700
   73846.6500
   74671.5600
   74827.5600
   74983.7700
   75443.9100
   76094.8500
   76188.0900
   76587.0300
   77056.4400
   77674.1400
   78854.5800
   78867.4500
   80459.9100
   80786.0700
   80866.1700
   82312.6200
   82578.3900
   82971.2400
   83450.2500
   84233.4300
   84320.6700
   84548.7900
   87610.2900
   87729.1500
   88302.9900
   88422.2700
   88591.4100
   89087.1900
   89107.8000
   89293.9500
   89565.8400
   89677.3500
   90110.3100
   91242.0900
   91603.9500
   91881.2400
   92126.3100
   92731.6200
   95546.9100
   97068.7500
   97186.2600
   99350.8800
   99559.4100
  100072.6500
  100219.8900
  101081.2200
  101569.7100
  101650.4400
  103469.8200
  103752.5400
  105089.5800
  105283.3500
  105420.0300
  107547.8700
  107758.4700
  107820.9600
  107889.2700
  107977.8600
  108074.9400
  108682.7100
  110028.7500
  110621.0700
  110850.6300
  113148.9900
  114446.7600
  115289.5800
  116294.4600
  118729.9200
  119146.6500
  119537.4900
  120263.2200
  120537.6900
  121576.0800
  122822.4000
  122872.5600
  123124.9200
  123173.0100
  124113.6300
  124220.6700
  125387.1900
  126416.4300
  127848.2100
  129216.9600
  129264.1800
  130900.1700
  131282.8800
  132262.5600
  132949.1100
  134390.0400
  135033.9600
  135605.1600
  135833.8800
  136245.7500
  137966.4300
  138151.7100
  139054.5000
  139185.1200
  139467.9300
  141006.0900
  141472.6500
  141866.7300
  143265.6000
  144859.9200
  145757.6400
  146503.8000
  147200.9700
  147630.2100
  147961.6800
  149259.6600
  149685.5700
  149889.5700
  150024.3900
  151067.2500
  151593.3900
  152131.3200
  152871.1800
  153198.9900
  156232.7700
  157255.5600
  158370.1500
  159390.8400
  160312.5600
  160982.7000
  161165.3400
  162382.3200
  162781.2300
  163100.3400
  163810.8000
  164109.1800
  164444.4000
  164763.7500
  165671.4300
  167091.5700
  167682.0900
  168389.1300
  171113.0100
  171561.9300
  171699.6000
  172079.3400
  174194.9400
  174741.2700
  174777.9900
  175488.8100
  175695.2400
  175922.4000
  176705.1600
  177238.9500
  177267.4200
  178883.9100
  178990.8900
  180720.9300
  180821.2200
  181283.6100
  181900.9500
  182133.6300
  182773.8900
  183640.7700
  184778.5200
  185877.6900
  187198.8300
  188960.7600
  190390.8600
  192788.1600
  192798.4500
  194791.8600
  194807.2500
  195110.1000
  196414.2000
  197919.3300
  198887.7000
  199411.8900
  200393.6100
  200899.2300
  201225.9600
  201921.0300
  202173.7200
  202355.2500
  202471.3800
  202614.0900
  202830.9000
  203026.9200
  203069.7000
  203287.3200
  204656.4900
  204700.5300
  204778.3500
  205108.3500
  205327.7400
  205553.4900
  205869.7500
  205932.6000
  206615.6400
  206978.9100
  207726.8700
  207844.6500
  208300.5000
  208706.4900
  209106.1500
  209810.9700
  210297.0900
  210310.6800
  210384.5700
  210391.5000
  210539.1600
  211039.0200
  211073.3700
  211535.3700
  211589.7600
  211751.6700
  212205.4500
  212654.2200
  212973.1800
  213063.8700
  214212.9900
  214682.4900
  214850.1300
  215113.2600
  216318.7800
  216702.9900
  216758.5200
  218441.3400
  220092.4500
  220391.1900
  221859.8100
  221974.8600
  222256.4100
  223862.9400
  224838.2100
  225005.6400
  225149.1000
  225183.3300
  225237.6000
  225332.1300
  225493.6500
  226205.1000
  226626.0300
  226649.7600
  226848.9900
  226958.5800
  226996.6200
  227592.9300
  229061.0400
  229137.6600
  229609.2000
  230715.5700
  232825.5300
  233087.3700
  233171.6700
  234236.1600
  234567.4800
  235738.7100
  236522.9100
  236675.5800
  237380.1300
  237761.4300
  238161.2400
  238291.7100
  238806.7800
  239515.7100
  239772.2700
  239967.4800
  240882.3300
  241373.0400
  241789.7100
  241920.7500
  243142.6200
  243278.4900
  243775.2900
  245606.3100
  245916.9600
  247509.4500
  248561.6100
  248822.7000
  249184.3500
  249481.5600
  250852.5900
  252366.8100
  252728.0700
  253700.0100
  253882.5300
  254173.2600
  254246.7600
  254543.8500
  255246.2100
  255672.7200
  255983.1600
  257151.9000
  258714.8700
  259009.2600
  259615.8000
  260205.9600
  261075.5400
  262167.6900
  262576.0500
  262853.2500
  263094.6000
  266195.2800
  266584.5600
  267098.7900
  267124.1100
  267955.7700
  268510.0800
  268559.5200
  269394.4800
  270016.9800
  270771.7500
  271060.6200
  271296.8400
  272171.4000
  272382.3600
  273070.4700
  273452.7000
  273577.1100
  274447.0500
  274512.6900
  275132.3700
  276259.3500
  276302.1900
  276774.8700
  277346.9400
  279214.8000
  279607.5300
  280069.2000
  280225.5000
  280522.3500
  281126.7600
  281568.1500
  281956.4400
  282520.1100
  282922.9500
  283009.0800
  284421.3600
  284904.5100
  285295.2300
  285638.5800
  286101.7200
  286245.3000
  286257.6600
  286354.1700
  286509.5700
  286779.0900
  287093.5500
  288169.4400
  288436.9800
  288503.0100
  288584.4600
  289003.0500
  289097.5800
  289183.0500
  289715.2500
  290476.0500
  290639.4600
  291603.3900
  291818.1300
  292650.5400
  293022.9900
  293057.1000
  295147.7100
  295489.8300
  296241.9900
  297040.8000
  297583.9200
  298042.4700
  298388.1300
  299056.6200
  299238.9600
  299431.2900
  299795.1900
  299899.6200
  300659.3400
  301220.9700
  301459.7100
  302183.5500
  302902.9800
  304499.7600
  305716.5000
  305772.8400
  305911.2300
  306100.7400
  307269.9600
  307720.8000
  308686.8000
  310965.5400
  311869.3800
  312034.8600
  312198.8700
  312462.9300
  313451.3100
  313772.0400
  313902.7500
  316483.3800
  316904.2200
  317065.0800
  317120.2800
  317793.4800
  318374.9100
  318458.6700
  319495.0200
  319668.1800
  319747.0500
  320714.9100
  320884.4400
  320913.2400
  322299.2400
  323668.5000
  324546.0300
  324788.6400
  325514.1300
  325949.0700
  326465.6100
  326605.5900
  326687.8200
  327331.1700
  327499.6800
  328292.4000
  328565.2500
  328791.3300
  328938.6000
  329792.4900
  330595.1700
  331331.1600
  334353.0300
  334611.0900
  334855.9800
  335961.9900
  336364.6500
  339771.8700
  341158.8000
  341782.9500
  342474.5100
  342590.2500
  343076.0400
  345025.8600
  346435.6200
  347755.3200
  347903.4000
  348261.3900
  348996.3900
  349552.7400
  350051.3100
  353018.9100
  356252.8800
  356423.5500
  359104.5000
  362376.5400
  362828.1300
  364431.5700
  365461.5300
  366136.4700
  366867.6900
  367534.5900
  368926.3800
  372038.8200
  372590.8500
  373747.2300
  373962.4200
  374289.9300
  375247.4400
  375695.6400
  375849.4800
  376977.9900
  378734.4600
  379076.1600
  379895.6100
  380134.8900
  382176.1800
  382876.1100
  383599.7700
  384284.4900
  384720.3900
  385864.3500
  388653.2700
  389824.8000
  390268.1700
  390775.2600
  391079.8800
  391452.4800
  392470.0800
  393867.1200
  393985.8000
  394836.1800
  394845.1800
  395356.6800
  397460.0700
  397607.3400
  398499.4800
  398728.9500
  398855.8500
  399635.2200
  401388.3900
  402044.1300
  402497.7300
  402908.3100
  403327.2600
  403806.2700
  404041.8000
  406600.2600
  406964.6400
  407676.7200
  408590.3700
  410498.1000
  411092.6100
  414872.0400
  415307.4600
  418384.7400
  418885.7700
  419635.3200
  422193.7800
  422537.9400
  422723.9100
  425867.8800
  426861.6900
  427510.4700
  429039.3000
  429440.8200
  430047.6300
  430612.0200
  431450.5800
  431828.6400
  434320.6500
  434379.8400
  435065.1600
  436804.5000
  438307.5600
  438431.9400
  438657.6300
  440233.1400
  441585.9600
  441588.6900
  442380.6000
  443629.1400
  444632.7900
  444695.8500
  444821.5800
  446595.3000
  447749.5800
  447940.2300
  448698.9900
  448792.0800
  450966.2100
  451000.5000
  451785.9300
  452059.3800
  452146.4400
  452296.8900
  452423.6100
  452509.1100
  454220.5500
  454605.4500
  456217.2600
  456526.3800
  457688.7600
  457791.4500
  458753.3400
  458972.2200
  459480.3600
  461815.7400
  462811.5000
  464772.5700
  467609.9700
  467993.9100
  468185.5200
  468777.0300
  469061.8200
  469227.7200
  469338.6300
  469818.0000
  469903.9200
  470354.3700
  470587.3200
  473147.1000
  473702.4900
  474849.5700
  476044.5600
  476849.6100
  477247.6800
  478599.9900
  480011.8800
  482287.9800
  482883.8100
  483162.0000
  484664.2500
  484834.8000
  486838.9800
  487869.0300
  487899.0000
  487910.4900
  487942.0200
  488052.4800
  488740.7700
  489055.2000
  489457.5600
  490323.0000
  490688.3700
  492636.5400
  494714.7600
  494870.5500
  497533.5000
  497871.3600
  499969.0500
  501265.4700
  501475.1700
  501993.4200
  502319.9700
  502331.3100
  503312.0100
  504493.3500
  506254.8600
  506561.2500
  507406.5600
  510371.7600
  510631.5900
  511434.4800
  512555.7900
  512665.5900
  512875.1100
  514211.3700
  514884.2100
  515002.2300
  515163.3300
  515827.6500
  516399.4200
  516865.0500
  517054.6200
  517192.2000
  517277.3100
  517407.9000
  517460.6400
  519303.2700
  519310.5600
  519422.0700
  521426.1600
  521662.5300
  521673.0300
  522715.5000
  523288.9800
  523971.3000
  524961.5700
  525901.9200
  525909.8100
  526013.1900
  526452.0000
  528168.1200
  529353.9000
  529845.3900
  530155.0800
  530321.4900
  531302.2500
  531811.6500
  531957.5100
  532030.6200
  532250.9100
  532322.1300
  532495.1100
  533477.7600
  533619.0300
  533721.0000
  534310.7400
  534721.6200
  536534.0400
  536540.0700
  538466.4600
  538817.5800
  538853.5500
  538876.0200
  539856.4200
  541141.1400
  541173.2400
  542609.3400
  542703.2400
  543200.2500
  543351.7500
  543479.6700
  543515.4000
  544690.3500
  545448.3600
  545550.2700
  546362.2800
  546926.7000
  547378.7400
  549937.2900
  550052.4900
  550074.3600
  550260.3600
  551790.2700
  552058.1100
  552300.2400
  552356.8800
  552692.9100
  554220.6900
  554421.0600
  555262.8900
  556314.6300
  556605.3000
  557877.0000
  558692.2800
  559177.2300
  559471.8300
  559773.0300
  560002.7700
  560266.1700
  561080.8800
  561289.5000
  562220.6100
  562262.8500
  563634.6000
  563766.6600
  566086.9500
  566765.0700
  567042.9600
  569126.1300
  571364.5200
  571570.4400
  572029.3800
  572274.7800
  572712.2700
  573028.5300
  573046.7100
  574451.5200
  575386.7700
  576085.3500
  577329.1500
  577585.2000
  580351.3800
  581284.4100
  583747.7100
  583934.3100
  587033.8500
  587246.0700
  587372.1600
  587778.2100
  588255.3000
  588408.3000
  589651.2900
  590082.6300
  592157.6700
  593064.4800
  594251.2800
  597293.9700
  597716.6100
