Event parameters: 20120411d_freqx2_3.flt
      On time
      88.5000
     341.0700
     388.7100
     469.6500
    2745.6300
    2910.1800
    3023.5200
    3485.6400
    3733.3500
    3859.7400
    3899.4000
    5294.2500
    5599.8000
    5707.1700
    6145.5600
    6311.8200
    6695.1600
    6833.2200
    6932.1900
    7370.4900
    8110.6500
    9115.5600
    9157.8600
    9292.2300
    9375.6900
    9880.8900
   10087.2600
   10478.5800
   10624.7700
   10942.7100
   11138.6700
   11427.6000
   11485.5900
   11865.7800
   11950.4100
   11983.6200
   13957.5900
   14015.4600
   14249.5800
   14273.7600
   14464.0500
   14697.1500
   14883.3600
   15571.3800
   15658.8900
   15796.8600
   16117.2000
   16372.1700
   16563.4500
   17126.0100
   17882.4600
   18784.1700
   18884.4300
   19269.9900
   19374.6000
   19458.9300
   19490.4900
   19747.9500
   20032.0500
   20247.8400
   20307.7800
   20438.4900
   20879.0700
   20924.7000
   21029.3400
   21076.0500
   21358.2600
   21412.0800
   22361.2800
   22407.4500
   22622.9100
   22662.7800
   23096.7900
   23170.0500
   23235.8100
   23248.7700
   23467.7700
   23892.6300
   24017.9100
   24224.4300
   24293.5200
   24596.6700
   25425.7200
   25949.7300
   26813.3400
   27077.6100
   27765.3600
   27922.2900
   28118.1600
   28610.9100
   28750.3800
   28838.0700
   29177.6400
   29394.5400
   29417.5800
   29659.6500
   30010.7100
   30420.9300
   30581.3700
   30619.6800
   31245.9900
   32083.5600
   32390.3100
   32462.3700
   32633.8500
   32688.6900
   32863.0500
   33033.8400
   33039.3600
   33242.1000
   33321.3900
   33364.6500
   33709.3200
   33813.0600
   33930.1800
   35074.5300
   35132.9700
   35164.8900
   35671.3800
   35707.5900
   36529.3200
   36681.6300
   37041.9300
   37088.8500
   37465.3800
   37796.4300
   38208.4800
   38220.1200
   38436.7500
   38666.4600
   38770.5000
   38908.3200
   39548.7300
   39789.0900
   39973.1400
   40288.7400
   40357.8900
   40540.1400
   40773.0300
   41081.3100
   41332.3500
   41390.4900
   42344.3700
   42993.6000
   43252.4100
   43294.5000
   43487.4300
   43870.5000
   44081.5200
   44353.5600
   44740.9800
   44880.4500
   45234.5100
   45297.7500
   45615.7200
   45840.1500
   46412.2500
   46523.2500
   46623.6900
   46916.5200
   48065.9700
   48593.5200
   48731.8800
   49349.0100
   49561.5000
   49666.5900
   49791.8400
   49909.7700
   49958.9100
   50236.1100
   50420.3400
   51166.7400
   51245.1900
   51297.2400
   51550.6500
   51592.0800
   52012.8300
   52089.2400
   52379.7000
   52560.7800
   52684.2000
   52870.3200
   53043.5100
   53176.2600
   53207.4600
   53445.2100
   53613.9300
   53855.7900
   53968.8900
   54047.1000
   54147.3000
   54653.9100
   54932.8800
   54969.9000
   55184.6100
   55236.9900
   55504.8600
   55661.1900
   56012.2500
   56286.8400
   56352.3600
   56707.4100
   56737.5900
   56824.4100
   57106.3800
   57391.2900
   57655.1400
   57724.6500
   57811.8600
   57987.0600
   58601.1900
   58650.9900
   59186.1600
   59403.3900
   59754.0300
   59885.8200
   59971.1700
   60023.1000
   60337.3800
   60436.8300
   60567.3000
   60578.8800
   60720.6000
   60798.9000
   60889.7400
   61226.6100
   61650.7800
   61779.4800
   61902.3000
   62368.4100
   62571.7800
   62684.7900
   62745.9600
   62748.6300
   62859.1800
   63118.9500
   63172.8300
   63403.0500
   63519.4500
   63537.3000
   63600.5100
   63711.1500
   63741.9600
   64175.9100
   64581.6000
   64690.5300
   64895.4600
   64942.0800
   65694.1500
   65783.7900
   66176.1600
   66677.9400
   67601.0700
   67891.1100
   68123.2500
   68374.9800
   68825.4300
   68966.9400
   69011.2500
   69100.8600
   69233.1300
   69475.9800
   69872.3400
   70267.8600
   70804.1400
   70899.3300
   71110.6200
   71195.0100
   71212.4100
   71223.0900
   71254.1100
   71579.2500
   71645.1600
   71800.4400
   71847.0900
   72071.5200
   72147.8700
   72425.7600
   72960.0300
   73130.6100
   73645.5900
   73763.2500
   74416.2600
   74672.7600
   74691.4800
   74737.1100
   74806.2600
   74863.5300
   75183.2100
   75484.8300
   75795.3900
   76354.8300
   76716.3900
   76718.4300
   76914.4500
   76960.5900
   77054.1000
   77128.0500
   77681.5200
   77917.5300
   77972.7900
   78171.2700
   78262.8900
   78660.4800
   78858.4800
   78907.8000
   80029.1700
   80966.1300
   81141.3000
   81471.0600
   81534.5700
   82120.6500
   82224.3600
   82237.8900
   82874.5500
   83041.1400
   83065.0200
   83249.2200
   83431.4700
   83486.7000
   83539.9800
   83725.6200
   83898.1500
   84337.4400
   84562.2600
   84663.4500
   85592.4000
   85809.2100
   86119.2600
   87222.5400
   87412.5900
   87420.3300
   87443.6400
   87525.3900
   87612.7800
   87941.3700
   88163.3100
   88471.5900
   88672.1100
   88735.2300
   88840.6200
   89133.9900
   89858.4300
   90539.9100
   90648.3300
   90816.4500
   91102.5000
   91980.0600
   92024.5500
   92076.6900
   92642.7600
   92709.6300
   92941.9500
   93222.6900
   93499.9200
   93679.7100
   94114.0200
   94268.6100
   94914.8100
   95439.2400
   95505.9900
   95988.9900
   96337.4400
   96504.4500
   96700.3800
   96871.9500
   96969.3600
   97248.1500
   97539.8700
   97815.5400
   98699.6400
   99068.8200
   99103.3800
   99777.2700
  100120.9500
  100496.1900
  100527.8700
  100604.1600
  100709.4000
  100764.5400
  100882.3200
  101118.1500
  101327.7000
  101981.4600
  102552.3600
  103577.2800
  103624.2600
  104231.1600
  104694.2400
  104700.6000
  105183.5400
  105260.9100
  105485.1000
  105943.9800
  106109.7600
  106787.0400
  106904.1000
  107021.5800
  107067.1200
  107232.6300
  107645.1900
  107669.1900
  108184.0200
  108387.9600
  108424.0200
  108447.1800
  108497.4600
  108600.6900
  108712.6800
  108789.8700
  108914.7600
  109004.2200
  109083.8700
  109093.4100
  109114.0200
  109402.7100
  109865.1900
  109988.2800
  110400.2400
  110753.1300
  110818.1400
  110910.5400
  110950.7400
  111282.8100
  111406.6500
  111780.3600
  111840.2400
  111853.8600
  112118.4000
  112148.8800
  112326.8400
  112805.8800
  113220.9900
  113322.0900
  113557.9500
  114560.5800
  115060.6500
  115535.7300
  115659.6600
  115738.7400
  115742.7300
  115766.2500
  115821.6600
  116075.1600
  116216.3100
  116353.4700
  116475.1500
  117013.6500
  117165.8700
  117167.7900
  117283.7700
  117737.2800
  118097.4300
  118300.9500
  118343.6700
  118902.9000
  119557.8300
  119803.9500
  120030.3900
  120101.7000
  121891.2300
  122223.3300
  122867.7000
  122972.9100
  123081.9000
  123249.2400
  124248.6000
  124309.4100
  124673.2200
  124709.6100
  125303.4000
  125363.9100
  125478.9600
  126332.2800
  126587.5800
  127214.7300
  127578.7500
  127601.1900
  127659.5700
  127853.4600
  127964.5800
  128083.1700
  128299.5600
  129045.9000
  129095.9400
  129874.8300
  129898.3200
  130279.8900
  130685.6700
  130798.6500
  130826.3400
  131135.4300
  131801.5200
  131850.1200
  131964.7500
  132146.3400
  132325.0200
  132382.2300
  132482.1300
  132977.1000
  133391.6400
  133459.2300
  133606.1400
  134004.2100
  134310.8100
  134608.9800
  134702.1600
  134837.1300
  135076.5600
  135139.2600
  135271.4100
  135405.9000
  135443.4900
  135854.8500
  135997.5300
  136363.4700
  136590.7500
  136689.8100
  136719.2100
  137213.0400
  137654.6400
  137674.8900
  137863.8300
  138101.5500
  138357.9300
  138387.0600
  138866.6100
  139368.0900
  139755.5400
  139763.9100
  139961.4600
  140022.0900
  140052.3600
  140082.1200
  140201.2500
  140290.8600
  140437.4400
  140753.4600
  141035.3700
  141398.4600
  141461.8800
  141653.0700
  141859.5300
  142036.2000
  142393.3800
  142444.2900
  142720.6800
  143832.1500
  144038.0100
  144064.7100
  144102.0000
  144124.7700
  144350.4900
  144478.1700
  144540.5400
  144953.6400
  145379.3400
  145484.7900
  145663.3200
  145808.5200
  146193.5400
  146372.1600
  147266.6100
  147331.9800
  147899.1000
  148251.1200
  148426.3800
  149418.6000
  149555.7300
  149702.2200
  149868.6300
  150071.7000
  150111.6600
  150223.5600
  150445.7400
  150690.4200
  152116.3200
  152369.4900
  152446.0500
  152985.6900
  153203.4600
  153209.3400
  153508.8300
  154019.9700
  154096.1100
  154162.5000
  155007.9600
  155891.1000
  156225.0900
  156295.8600
  156365.7300
  156737.2800
  156963.2700
  157050.4200
  157294.0800
  157582.4400
  158280.1800
  158983.0500
  159212.2200
  159568.8000
  159984.6300
  160043.1600
  160169.5200
  160810.9500
  160913.1900
  160959.6900
  161517.2700
  161591.6700
  161634.9000
  161725.4700
  161822.6400
  163150.4400
  163212.0300
  163673.3100
  163912.7700
  164177.3100
  164289.8700
  164309.7300
  164320.8300
  164403.9900
  164563.7400
  164599.2300
  164967.2700
  165720.3000
  166128.0900
  166249.2000
  166284.7500
  166509.8100
  166705.0200
  166732.0500
  167071.8600
  167415.2400
  167502.1200
  168484.2300
  168723.9000
  168755.6400
  169379.7600
  169423.6800
  170004.2400
  170229.5400
  170364.2400
  170833.6800
  171121.5600
  171210.6900
  171607.3200
  172302.3300
  172455.6300
  172590.9300
  172924.6800
  173193.3000
  173672.6700
  173918.2200
  174035.3100
  174513.3900
  175157.7000
  175557.8700
  175669.5900
  175719.0900
  176087.3400
  176497.0800
  177544.9200
  177644.7000
  178105.5000
  178201.2300
  178213.9200
  178270.1400
  178321.1400
  178354.0200
  178565.9400
  178594.4700
  178762.0500
  179263.7400
  179401.1700
  179528.7900
  182639.3400
  182784.3300
  183008.6700
  183831.0900
  184948.6200
  185284.0500
  185443.7700
  185527.9800
  185625.2400
  185793.3900
  185916.0900
  186199.7100
  186613.4100
  187085.2800
  187372.6200
  187515.6600
  187632.6300
  188710.9500
  190377.8700
  190844.8500
  190974.8100
  191265.4800
  191368.3800
  192144.9900
  192417.0300
  192831.5100
  193056.0300
  193467.1800
  193510.0200
  193693.0200
  194660.3400
  194817.6600
  195008.3100
  195118.0500
  195424.6800
  195626.7900
  195788.8800
  196088.9100
  196244.7900
  196776.9900
  197305.1700
  197383.5000
  197703.6900
  197812.2000
  198102.7500
  198405.2100
  198995.5500
  199631.7900
  199969.0500
  200193.9900
  200657.1300
  201548.5800
  201577.6800
  201645.8100
  202156.4400
  202424.4000
  202479.9600
  202654.1100
  202722.6000
  203044.8900
  203117.1300
  203275.4700
  203578.2300
  203647.4700
  203877.0600
  204069.0900
  204183.5100
  204249.4200
  204297.1500
  204467.5500
  204618.8100
  204790.2000
  204813.9300
  205035.8700
  205297.7100
  206217.5400
  206598.7800
  206742.5100
  207117.6300
  207167.6100
  207309.0000
  207455.2500
  207898.9500
  208119.5100
  208834.7700
  209174.0400
  209536.8600
  209567.2200
  209687.8500
  210049.5000
  210586.2900
  211120.7100
  211159.9500
  211244.7900
  211707.3900
  211858.8000
  211950.6300
  212049.2700
  212123.1900
  212488.2300
  212770.2000
  213128.3700
  214040.7300
  214568.1900
  214658.3700
  214752.2100
  214784.3700
  215582.1000
  216050.5500
  216352.2000
  216911.4300
  216977.1300
  217051.0200
  218276.1900
  218309.6400
  218486.4000
  218965.4700
  218984.3100
  219118.2600
  219516.6300
  219647.8800
  219906.0900
  220327.6800
  220463.5500
  220548.5100
  220674.2400
  220738.5300
  220975.9500
  221123.4000
  221258.6400
  221575.6800
  221880.4200
  222077.6100
  222400.9200
  222428.6400
  222457.5000
  222519.2700
  222661.2300
  223023.3000
  223176.9900
  223344.6600
  223496.2500
  223880.6100
  223901.0100
  224027.4000
  224160.5100
  225632.2200
  225832.1700
  226238.8200
  226320.1800
  226500.0300
  226663.8600
  226832.2500
  227395.8000
  227464.9500
  227589.2400
  228266.3100
  228498.6600
  228722.7000
  228907.9200
  228929.9400
  229225.9800
  229487.3700
  229679.4900
  229687.3800
  230839.0500
  230901.4500
  230988.0300
  231281.6700
  231318.3300
  231725.3400
  231921.4800
  232545.5700
  232566.8700
  232797.6300
  233039.0400
  233259.9900
  233338.2000
  233655.8700
  233690.5500
  233759.7000
  233761.8900
  233881.2300
  233967.0300
  234139.5900
  234282.1200
  234641.0400
  234831.2700
  235208.6400
  235548.5100
  236093.6400
  236280.7500
  236488.4700
  236738.3400
  236778.3900
  236894.4900
  237028.6200
  237435.5400
  237700.1700
  238487.1300
  238557.1500
  238893.9900
  238976.1000
  239621.1600
  239639.3700
  239847.4800
  240014.7900
  240805.2600
  241308.8400
  241953.9300
  242786.7300
  242906.0700
  243139.3200
  243432.3000
  243597.3300
  243673.5900
  243834.5700
  246316.5300
  246476.9700
  246976.9500
  247182.0000
  247199.1900
  247559.8800
  247844.3400
  248039.8200
  248312.1000
  248480.3400
  248573.1900
  248965.7400
  249503.2800
  249542.0400
  249591.8100
  250157.5800
  250224.2100
  250312.4700
  250754.8200
  250900.1100
  251712.3300
  252051.6300
  252610.4400
  253259.1000
  253370.5800
  253505.7300
  253813.1700
  253965.1500
  254411.7300
  255558.7800
  255767.4300
  256236.6000
  256493.0100
  257213.8500
  257687.4600
  257842.0500
  258150.3300
  258197.5200
  258426.6600
  259128.9000
  259203.5700
  259443.6300
  259723.2600
  259789.6500
  260028.3000
  260109.6300
  260201.1900
  260347.5600
  260459.6700
  260517.0600
  260551.2000
  260645.5800
  260894.1300
  261284.6100
  261360.4800
  261598.3200
  261726.3900
  262049.3400
  262171.4400
  262668.4200
  262975.5000
  263129.0100
  263440.3800
  263575.6500
  263715.2100
  263861.6400
  263981.4000
  263987.4300
  264122.6100
  264226.9800
  264484.0200
  265091.7600
  265383.4200
  265441.1700
  265483.9800
  265556.0400
  266137.7700
  266288.2800
  266415.2700
  266980.2600
  267322.8900
  267619.1700
  267947.4000
  268214.9400
  268269.8400
  268488.1800
  268577.7900
  268850.6400
  268911.1200
  269297.1300
  270035.4000
  270093.5100
  270122.8500
  270288.1500
  270297.4800
  270430.3800
  270485.6100
  270575.0700
  270803.1600
  270821.1300
  271157.5500
  271514.1900
  271718.3400
  271813.7700
  271846.9200
  271859.9100
  272041.8300
  272590.5300
  273319.4700
  273728.0100
  273837.1500
  274691.0400
  274809.6600
  274985.7000
  275112.5700
  275291.0100
  275608.6800
  275626.7700
  275992.9800
  276030.2700
  276083.7000
  276120.9300
  276274.5000
  276431.9700
  276438.7200
  276440.7300
  276652.2600
  276763.9500
  276768.5400
  276924.2100
  277058.4900
  277118.3100
  277365.6300
  277590.5400
  278129.7600
  278147.5800
  278197.3500
  278327.1600
  278423.4300
  278460.3000
  278933.0100
  279581.3700
  279788.4600
  279966.1800
  279977.4000
  280437.4800
  280910.0700
  280983.3900
  281238.6900
  281391.4500
  281631.1800
  281726.7300
  281914.5900
  281946.0900
  282035.8800
  282636.4500
  282741.5400
  282825.3900
  282872.4000
  282887.0400
  283087.8900
  283285.9800
  283656.4200
  283811.1000
  284095.4700
  284119.5000
  284178.9000
  284545.6800
  284589.4500
  284935.4100
  284954.1300
  285115.5000
  285416.7600
  285504.1200
  285716.2800
  285879.3000
  286001.9400
  286110.6000
  286500.2400
  286858.5000
  287035.2600
  287125.8900
  287452.4700
  287474.8500
  288162.6000
  288212.1600
  288351.9000
  288772.2000
  289263.2400
  289962.3900
  289965.5700
  290263.9800
  290490.2100
  291102.8700
  291327.3000
  291409.7700
  291523.6500
  291596.7900
  292315.2000
  292386.5700
  292453.7700
  292578.7800
  292679.4300
  292764.3900
  292902.9900
  293028.1800
  293047.7100
  293306.2200
  293785.0200
  293840.8200
  294003.0300
  294497.8200
  294840.0000
  295127.1900
  295493.8200
  295622.3100
  295740.3600
  295841.0100
  295923.3300
  296170.4700
  296343.6900
  296516.1000
  296528.5500
  296709.2400
  297032.8500
  297211.1700
  297377.4600
  297617.0400
  297652.0800
  297679.9200
  297936.6300
  298706.1000
  298994.1900
  299450.4300
  299539.4400
  300328.0200
  300376.9200
  300874.8300
  300890.1000
  301551.6000
  301941.1200
  302122.4700
  302277.3900
  302310.0300
  302367.6300
  303343.6200
  303773.9700
  303807.0000
  303988.6200
  304983.5400
  305644.8000
  305849.2500
  306478.9800
  306646.7100
  307753.4400
  308162.6100
  308181.2700
  308534.4000
  308914.5300
  309162.8700
  309176.7600
  309203.4300
  309591.6900
  310014.6000
  310141.6200
  310411.0500
  310478.1600
  310792.5600
  310860.7800
  311041.1700
  311508.0300
  311896.5000
  312239.1900
  312968.0400
  313103.7300
  313500.2700
  313630.7400
  314092.2000
  314286.1200
  314506.3800
  314871.4800
  315113.9100
  316151.0700
  316689.2700
  316779.6300
  317334.0300
  317419.1100
  318762.6300
  319139.6100
  319275.9900
  319327.3500
  319565.1000
  319800.6300
  320268.7500
  320321.2200
  320794.8900
  320856.4800
  320961.2700
  321018.3600
  321191.2200
  321351.6300
  321607.4700
  321653.1900
  322546.7700
  322690.7100
  322748.7300
  322980.6300
  323230.1100
  323682.8400
  323944.6800
  324406.4400
  325005.9900
  325306.9800
  325643.3700
  325877.4300
  325987.0500
  325997.1900
  326137.2300
  326548.2900
  326580.0000
  327324.8700
  327344.4000
  327938.0100
  328722.4200
  329553.6900
  330388.7700
  330485.9400
  331620.6900
  331710.1500
  331874.4600
  331934.3400
  332411.7900
  333050.7900
  333174.2100
  333322.3500
  333875.1600
  333892.7700
  334639.6200
  334847.9700
  334937.2800
  335921.8500
  336777.6900
  336861.6000
  337220.8800
  337418.0100
  338099.2800
  338579.9400
  338672.9100
  340453.2900
  340570.9500
  341813.0400
  342267.3000
  342496.9800
  342620.1600
  342781.9500
  343133.1000
  343257.2400
  343370.6700
  343930.3800
  343982.2200
  344676.2100
  345053.0400
  347202.2700
  347605.2000
  347667.1800
  348053.1600
  348370.9200
  348458.4600
  348749.3100
  348970.1400
  349005.9300
  349207.7100
  349382.5800
  350099.8500
  350654.4000
  351417.6000
  351774.3300
  352731.0900
  352952.7900
  353041.8000
  353451.4500
  353705.4900
  353799.4500
  354005.3400
  354368.7900
  354581.9100
  354942.9600
  355052.1000
  355687.4700
  356178.6900
  356558.3400
  356619.9900
  357178.5600
  357276.1200
  358087.5900
  358284.6900
  359434.2300
  360140.7900
  360356.8800
  360386.1900
  361004.3100
  361111.6200
  361292.7900
  361449.0900
  361925.5200
  363001.8300
  364628.8200
  365628.5700
  365903.3100
  365936.7000
  366335.3700
  366802.0200
  366957.7500
  367219.2000
  367351.5300
  367435.4100
  367736.5500
  368245.8000
  368937.7500
  369321.9300
  369409.9500
  369549.8700
  369670.8000
  370280.0100
  370606.5300
  370713.5700
  371539.8300
  371809.0200
  372726.2100
  372829.1100
  372971.0700
  373251.0600
  373379.6700
  373763.9400
  373978.7400
  374581.5600
  374789.5200
  375353.7300
  375573.8700
  376022.0100
  376045.4700
  376998.7500
  377246.5200
  377649.8100
  378042.7800
  378368.1300
  379180.1700
  380454.1500
  380649.9300
  380867.1900
  380925.0000
  381386.7600
  382035.9900
  382204.4700
  382455.2700
  383666.9100
  384399.1500
  385124.3700
  385172.1000
  385259.2500
  385349.4000
  385637.0400
  385672.1400
  386175.3900
  386922.2400
  386961.9600
  387274.3500
  387804.0000
  388181.7600
  388367.4300
  388791.3000
  389243.5500
  389544.8700
  389700.0600
  389886.4500
  390450.6600
  390525.5100
  391088.2200
  391850.7900
  391966.2900
  392102.2500
  393124.0800
  393567.0900
  393601.5900
  394523.3100
  394860.6300
  396561.1200
  396604.3500
  396988.8000
  397214.4300
  397428.8100
  397788.0900
  397846.2600
  397976.7300
  398562.5700
  399068.2500
  399203.2200
  399509.8800
  399977.7600
  400212.7500
  400449.4200
  400494.7800
  400799.5500
  401196.4800
  402922.2300
  403396.2000
  403474.8600
  405154.1100
  405316.4100
  405442.0800
  405521.5800
  406905.1200
  407303.9700
  407356.2300
  407475.2400
  408110.3400
  409392.0000
  409431.6300
  410111.4600
  410455.9800
  410524.6200
  410671.7100
  410869.6800
  411069.0000
  411189.4500
  411529.5900
  411684.8400
  411872.7300
  412203.0900
  412526.0400
  412610.5800
  413391.5400
  413942.2500
  414111.8700
  414198.9600
  414260.7900
  414854.4600
  415248.5700
  415660.0800
  417003.6000
  417108.3900
  417225.4200
  418250.4300
  418944.8400
  419509.4100
  419948.7600
  420813.5400
  420920.5800
  421068.1500
  421431.9900
  421839.1200
  421914.7500
  422262.7800
  423517.4700
  423640.1100
  423691.9500
  425114.9100
  425605.8000
  426143.4000
  426418.3500
  427553.3400
  428266.8900
  428627.8200
  430125.1200
  430386.0300
  430705.2000
  431122.3500
  431907.4200
  432211.8600
  432637.3200
  433472.0700
  433728.2700
  433832.8500
  433930.0500
  433961.1300
  434228.5800
  434688.6000
  435525.3000
  435712.3800
  436093.4100
  436221.0300
  436618.3200
  436683.8400
  436870.6200
  437366.1900
  437460.7500
  437522.1600
  437621.4600
  437676.3600
  438452.3400
  438732.1800
  438734.8500
  438987.8400
  439299.2100
  439587.1500
  439715.4300
  439830.3900
  439865.8500
  439965.9900
  440309.7000
  440377.6200
  440428.7400
  440438.6400
  440630.8800
  441112.2900
  441583.5600
  442506.6000
  442520.3700
  442622.4900
  442698.6300
  442756.5900
  443338.1100
  444137.6100
  444166.3800
  444226.8600
  444558.7800
  444623.0100
  445144.0500
  445727.0700
  446078.4600
  446582.5200
  446610.8400
  447497.2500
  447597.9600
  448347.9600
  448871.2200
  449659.1100
  449954.3700
  450094.4100
  450577.6800
  451109.6100
  451340.3100
  451420.4400
  451849.0200
  451899.4500
  453177.9000
  453198.7800
  453381.4500
  453679.9200
  453722.8800
  453810.6900
  453836.6100
  453851.5200
  454392.8100
  454484.2800
  454774.2600
  454834.5600
  454923.0900
  454949.9100
  455158.8600
  455259.2400
  455486.1900
  455657.7600
  456067.6800
  456981.3600
  457996.2900
  458437.6500
  458516.5800
  458949.6600
  459288.2400
  460071.2100
  460314.6600
  461164.8000
  461318.2800
  461323.3800
  461622.3600
  461674.3200
  461703.9900
  462463.0500
  462659.8800
  463826.6700
  464999.9400
  465561.2700
  465600.5100
  466633.3500
  466776.9900
  467724.0000
  467791.2600
  468017.7600
  468557.1300
  468770.0700
  469184.1900
  469201.5600
  469890.6900
  470149.0500
  470350.2600
  471024.5700
  471195.3900
  471309.7200
  471649.6800
  471869.6100
  472225.8000
  472752.2100
  472936.8600
  473310.1200
  473612.5800
  473943.4200
  474498.7500
  474727.1700
  475271.0700
  475548.8100
  475632.5100
  476255.7600
  476487.7200
  476521.2600
  476614.4100
  476981.3100
  477093.6900
  477142.3200
  477739.1100
  477834.6000
  478282.6200
  478361.1300
  479384.6400
  480349.5300
  480554.5200
  482866.0500
  483833.7000
  483945.9300
  484830.0300
  487125.1500
  487153.5900
  487182.4800
  487214.3700
  487242.0900
  487712.5800
  487719.7500
  488183.3100
  488559.5700
  488734.5000
  489039.1800
  489121.8000
  489448.8300
  491075.4900
  491505.9900
  492455.9700
  492570.7800
  493071.5700
  493183.7700
  494030.4600
  494213.5200
  494332.3800
  494559.3600
  494607.0300
  495622.9200
  495775.4400
  495922.9200
  496023.2100
  496103.6400
  496278.7200
  496675.5900
  497854.7700
  498515.1900
  499076.6100
  499177.3800
  499975.5300
  500302.2600
  501187.0200
  501192.3300
  501320.0700
  501554.4600
  501952.2600
  502393.6200
  502891.3200
  503985.1200
  504892.1100
  505047.3000
  505216.0800
  505472.3700
  506025.3900
  506794.4700
  506932.9800
  507049.4700
  507578.7900
  507840.4200
  507923.1900
  508519.7700
  508938.6600
  508982.0400
  509119.2600
  509335.9500
  510112.2300
  510148.3200
  510352.6500
  510502.4400
  510990.6000
  511158.9300
  512252.5500
  512327.3100
  512360.1000
  512895.4800
  512947.6800
  513048.9000
  513267.9600
  513321.4500
  513428.9400
  514541.3100
  514644.9900
  514687.4400
  514809.3600
  515076.2100
  515300.2500
  516182.6700
  516793.7100
  517644.8100
  517720.8900
  517736.2500
  517862.1000
  518159.0100
  519049.5600
  519088.6800
  519325.5300
  519354.7200
  520065.1200
  521161.3800
  521281.1100
  521340.1200
  522223.5300
  522338.7000
  522458.6700
  522504.1500
  523991.6700
  524146.8900
  524440.4400
  524648.6700
  525711.8700
  525815.6100
  526324.7700
  526580.5200
  526764.8100
  527899.7400
  527975.7300
  528045.3900
  528618.1200
  528734.9400
  528736.2300
  528742.4100
  528927.9900
  529936.8600
  529976.0700
  530550.7200
  530556.0900
  530701.4700
  531186.5700
  531540.4200
  531947.3700
  532271.0700
  532346.4300
  532431.9600
  532675.8600
  532785.4800
  532825.2000
  532909.9500
  533433.8700
  534042.8100
  534091.6200
  535468.5000
  536329.3500
  536866.7100
  537028.7100
  537109.3800
  537262.7400
  537931.9200
  538422.5400
  538562.9400
  539620.2900
  540681.3000
  540864.5700
  541413.0000
  541725.6000
  541761.5100
  541779.9900
  543001.7400
  543040.3500
  543064.9200
  543599.2500
  543812.6100
  545000.0700
  545932.5300
  546251.3400
  546887.6100
  547403.9100
  547447.3500
  547554.7800
  547631.8200
  547944.0900
  548091.5100
  548136.6900
  548291.6100
  548758.8000
  549141.4200
  549743.6700
  550026.2700
  550233.7800
  550634.0700
  550889.2800
  551213.5200
  551847.5400
  551944.7100
  552830.7300
  553233.3300
  553333.8900
  553565.6400
  553839.2100
  553908.7800
  553949.4000
  554361.0300
  554920.4700
  555675.1800
  556038.0300
  556662.5700
  556862.1600
  557633.0700
  558151.7100
  558640.5300
  558649.8000
  559587.0300
  562855.8900
  563513.4000
  563549.4000
  563651.4000
  563973.1200
  564055.2900
  564567.7500
  565116.1200
  565765.3200
  566845.0200
  568458.8700
  568673.2200
  571877.1300
  572991.4200
  573578.1300
  574567.0500
  574769.2500
  575382.6000
  576011.0100
  576299.9700
  577028.0400
  577067.6400
  577287.7500
  577473.5700
  577539.7500
  578121.2400
  578609.5200
  579549.0300
  580123.0800
  580594.6200
  580981.9500
  584642.8200
  584661.8400
  585487.0500
  587841.4500
  587892.9900
  588875.4600
  589210.6800
  589419.2700
  592828.2300
  594560.3400
  594616.1700
  594653.1600
  596721.0900
  598128.6300
