Event parameters: 20120411d_freqx2_3.flt
      On time
    9794.1300
   16405.4400
   19232.7900
   20087.9700
   20289.1500
   20518.1700
   21739.7700
   24139.8900
   24547.4700
   26717.6400
   27053.1000
   27397.4700
   27968.2800
   28161.2100
   28552.3500
   30802.3200
   30859.0500
   31441.4100
   31583.4000
   32468.8500
   33045.2100
   33099.5100
   34029.1200
   34688.7900
   36779.3700
   37197.2400
   37372.0200
   39743.1600
   40542.5700
   41227.5300
   41368.9800
   42783.1800
   45085.3800
   45456.7800
   46468.3800
   46533.1500
   46615.5600
   47058.2100
   47099.2200
   47271.0900
   48189.6600
   49989.2100
   50205.1200
   50673.1200
   53486.8500
   54234.2700
   55432.2600
   56635.2900
   58635.6900
   58811.3400
   59255.4900
   60063.4800
   60501.8400
   60968.8500
   62333.6400
   62873.2200
   63330.2400
   63699.2100
   65512.9800
   68429.8200
   68802.7500
   72259.5300
   72650.9100
   73416.4200
   74934.0300
   75242.5800
   76498.3500
   78656.2500
   81434.3400
   81600.5100
   84904.3200
   86017.3200
   86364.9000
   86736.6900
   87250.1100
   88237.3200
   88943.0400
   89758.1700
   90705.8100
   91321.0500
   92035.2900
   92716.9500
   94134.0300
   96728.9700
   97458.8100
   97928.7600
   99133.3800
  100821.2400
  101095.0800
  101615.0700
  101831.4000
  101935.5000
  102652.2900
  104594.5200
  107618.5500
  107881.3800
  108890.4000
  111350.1300
  111429.2400
  111697.1400
  111795.2700
  115920.2700
  116607.8100
  118052.5800
  119678.7300
  121929.3900
  122335.9500
  122364.9600
  123823.0800
  126542.6400
  128482.2900
  128657.8200
  129026.0700
  129382.3800
  129717.6300
  130276.9200
  130663.8900
  130870.1400
  133044.8400
  135401.4900
  135544.7700
  136157.1300
  136644.9900
  143289.8400
  153816.1500
  155937.3900
  167147.0400
  169936.8900
  170789.8200
  172689.4200
  178091.5800
  181864.9200
  186390.9600
  188568.6300
  190622.3700
  198310.0500
  201541.1400
  201699.0300
  202310.1300
  203277.4800
  204620.2200
  205729.8000
  206875.7100
  206964.0000
  207310.2000
  207448.2900
  209312.2500
  210914.3700
  211685.9700
  212921.3700
  213877.8600
  214200.8700
  215698.7400
  222286.8600
  222426.3000
  222960.5700
  223352.3700
  225501.1800
  225677.9700
  227450.6700
  231692.9100
  237936.4800
  239083.8300
  239403.2400
  241164.5400
  241364.1600
  242238.0000
  243001.6200
  243110.4600
  245771.4600
  245811.6900
  246240.5100
  247092.2100
  248112.4500
  249210.3600
  249348.2700
  250314.9900
  251350.8000
  252263.9700
  252635.3100
  258886.2600
  259642.0200
  260870.7900
  262164.5400
  262404.1200
  263148.9000
  263601.0900
  264215.3100
  267419.3100
  267714.2400
  268391.9100
  268866.9900
  268984.7400
  269703.8400
  270302.4600
  270560.9400
  270911.0400
  271291.0500
  274363.2600
  276512.0700
  276576.5700
  277345.2000
  277473.3900
  278349.8700
  281176.2000
  283065.4800
  284852.8800
  285690.5400
  286457.0400
  286992.4200
  291480.3300
  292346.5800
  292626.3000
  293754.6300
  294139.8000
  295807.9500
  298741.1700
  299490.1500
  302842.2600
  303276.5700
  303493.3200
  304734.0000
  306373.3800
  306469.5300
  308679.6300
  310120.0800
  310638.7200
  311110.2900
  312514.5600
  313856.6400
  314349.5100
  314648.2500
  315488.4600
  316430.9700
  322592.4000
  322625.7000
  325129.6800
  325616.5500
  326599.2600
  327843.3600
  331384.1400
  332563.6500
  337559.7600
  342854.1300
  344591.2500
  355377.1200
  356218.4100
  359213.5800
  360923.0400
  362642.1900
  374623.8000
  379135.3200
  382729.7100
  393620.0700
  394164.6600
  394488.0300
  394852.4100
  395672.3700
  399169.7400
  407598.8700
  407857.0800
  417527.5200
  424356.9000
  432456.8700
  435264.0000
  435993.8100
  436482.0000
  437016.4500
  437033.5200
  438202.3200
  439868.3700
  440306.5500
  440710.8900
  440753.4900
  442009.2000
  442810.5900
  443368.3800
  444485.6400
  446623.6500
  447936.3900
  448123.6500
  450018.1200
  451732.8900
  453159.0300
  453465.0600
  455454.3900
  455471.9700
  455935.8600
  459846.6300
  460294.8900
  460380.4500
  463744.9500
  464494.4100
  468592.8900
  469006.4700
  471805.3200
  473193.5700
  479021.5200
  479268.6000
  479896.5900
  480481.5600
  480754.8600
  481010.6400
  484926.5700
  485596.5000
  488477.8500
  488541.9300
  489918.3000
  491135.1000
  493884.3600
  494548.1700
  495344.1900
  496324.0200
  496989.4800
  500744.7300
  501505.9800
  501655.8300
  503199.9900
  503369.4900
  507364.6800
  508121.7300
  509289.8400
  510699.7800
  512094.9000
  512460.9900
  513110.5500
  514931.7900
  515362.4400
  515470.9200
  517424.0400
  519447.4200
  519568.8300
  519910.7700
  521409.4800
  524199.1800
  525957.7800
  528796.9500
  530584.4400
  531105.0900
  531387.1800
  531866.6100
  532086.2100
  532497.0600
  534914.4300
  536722.7700
  537770.4900
  540704.4900
  541149.6900
  543162.3900
  543189.0000
  544018.8300
  546309.6300
  547911.5700
  548197.4400
  548272.3500
  552446.8500
  555153.9600
  562523.0400
  567105.0600
  569753.1000
  575982.0300
  576273.0900
  577127.1900
  584636.3700
  585818.8200
  594189.3600
