Event parameters: 20120411d_freqx2_3.flt
      On time
   28597.5900
   34076.3100
   42902.7000
   43049.0100
   44905.2600
   63898.2000
   68587.5600
   68699.5500
   69489.4200
   74708.7600
   75180.5100
   77136.1800
   80166.1200
   93189.8400
   97432.1400
  112909.7100
  114637.9800
  118822.6200
  141995.2800
  202582.6500
  206642.1000
  217062.8400
  236058.6000
  255067.2300
  268241.1600
  269973.3600
  271013.4300
  273055.7100
  282552.6900
  284334.4200
  288579.0600
  290249.4600
  294354.0300
  294380.6100
  294997.1400
  296392.8300
  297018.0900
  304566.6900
  305436.8100
  318066.8700
  320500.8300
  326473.2300
  431254.7400
  437350.5900
  439570.4700
  441129.3300
  444399.1500
  458514.7800
  476354.3700
  487370.2800
  504351.1800
  515298.3600
  517881.4500
  521966.9100
  532015.8000
  552704.5500
  574093.3500
