Event parameters: 20120411d_freqx2_3.flt
      On time
   22626.6900
   37937.0400
   43785.6900
   49952.4600
   53464.2000
   56787.0300
   62156.4000
   78339.8400
   86674.4400
   89035.2300
  111680.0700
  116242.4700
  116477.8500
  119914.1100
  120152.4000
  155651.0700
  203417.7300
  205161.1200
  206799.2100
  206801.6400
  213132.9000
  220495.7700
  222713.2800
  223783.7100
  224811.0600
  226567.1100
  227493.0900
  239115.3600
  279505.4400
  286441.5900
  289586.2500
  299750.6100
  337669.0800
  394961.1300
  447350.4900
  454860.2100
  465510.8100
  484143.3300
  517597.4400
  585531.9900
  588923.9700
