Event parameters: 20120411d_freqx2_3.flt
      On time
     151.4400
    2248.9500
    2459.6700
    8261.1900
   10247.3100
   10633.0500
   11769.2100
   12073.7700
   15009.0300
   18790.1100
   18969.7500
   19431.1500
   19870.4400
   20028.0300
   20144.0400
   20464.7100
   20892.4800
   21738.0300
   22498.1100
   24184.9200
   24440.7900
   26730.9900
   27571.9200
   30782.4900
   31543.3800
   32081.1000
   32327.5200
   33210.2100
   33337.1100
   34051.1700
   37543.1700
   38271.0300
   39898.5000
   42633.5400
   43474.1100
   44730.3600
   45922.5600
   47695.7400
   48758.3100
   48900.6900
   50136.0000
   50192.0400
   50482.2000
   50793.9600
   51431.1300
   51897.6300
   52994.9100
   53111.4300
   54997.2300
   55668.4200
   56142.1500
   58117.8000
   63139.3200
   63525.1200
   65354.0100
   67272.1800
   67652.0100
   69121.6200
   70513.6200
   72065.3100
   73276.2000
   74183.2200
   75729.0000
   76033.4100
   76802.2800
   77851.0200
   81518.3700
   81654.6600
   83390.7900
   85330.8300
   85991.4600
   87019.2000
   87517.9200
   87842.0100
   88111.0800
   88937.8800
   90294.4200
   90827.1600
   91478.7300
   94949.2200
   95634.4500
   95740.8000
   96620.2500
   97288.0800
  100364.4300
  100725.8700
  101856.1800
  102348.4500
  102603.5400
  103714.9800
  106373.3400
  108276.8100
  109303.6200
  109637.0700
  111859.7700
  111890.2800
  113929.9500
  115711.3200
  118269.6000
  118526.8800
  118715.4300
  118841.6700
  118897.8900
  119052.3900
  119648.9400
  119812.9800
  122019.9300
  127200.1200
  129731.7000
  129740.8800
  129821.5500
  129889.2300
  130891.1700
  131055.5400
  131307.3600
  132916.4700
  135611.5200
  136212.8700
  136716.6900
  138878.2500
  139168.1100
  144214.4400
  144377.3400
  145423.8300
  146923.2600
  148234.8000
  148571.9400
  150148.7100
  150642.0300
  151528.9500
  151920.4500
  152310.5700
  153073.0500
  154488.9300
  154869.0900
  155356.8900
  158526.8100
  163523.2200
  166609.6200
  167024.9700
  167216.5200
  168565.4100
  170285.4000
  171384.3600
  173698.2600
  174530.1000
  175042.8000
  175950.9900
  176346.0000
  176447.6700
  178666.7100
  183183.4500
  184067.4600
  184617.1800
  187655.7300
  188445.3300
  188574.1800
  193342.1400
  193962.3600
  194231.7000
  194425.8300
  194946.7800
  195367.8900
  196026.4500
  197421.8100
  197632.1400
  197706.4500
  198994.2600
  199305.1200
  199546.5900
  199993.8600
  200532.3900
  202002.3300
  202455.4800
  204747.1200
  206209.6200
  208674.9900
  209510.4000
  210669.3900
  210675.5700
  210761.5500
  210917.3400
  211146.8700
  211181.0700
  211914.2700
  212101.6500
  212142.8400
  212984.6400
  213441.1200
  214250.6400
  214328.4900
  214367.7300
  214386.0900
  215364.9900
  215886.9300
  216389.6700
  217106.9100
  218871.2100
  219030.7200
  219633.3600
  219846.9300
  222738.4500
  222993.4500
  223174.9500
  223347.0000
  223866.1800
  224887.9500
  225125.3400
  225819.6000
  225901.8900
  227704.8300
  228478.4100
  228892.8600
  230413.2000
  233611.8000
  234472.5000
  234846.9000
  237559.7700
  239528.8800
  241282.8300
  244190.8200
  248082.9600
  248919.1200
  249188.4300
  249749.2200
  253433.7300
  253836.7500
  259103.7900
  259561.4700
  261150.4800
  261480.7200
  263293.2600
  264020.0100
  264590.5800
  265627.2900
  266322.2700
  267725.4300
  269215.9200
  269605.4100
  271396.8000
  272031.6600
  272125.2300
  272708.4600
  274124.4900
  274989.6900
  275553.3900
  276521.7900
  276813.1800
  277657.2000
  278252.1300
  278524.1700
  278810.6700
  278894.7000
  279101.2500
  280480.0500
  280692.1200
  281330.0700
  281402.6400
  283672.9500
  284806.2600
  285423.5400
  285802.3500
  286474.5900
  286913.0700
  288594.0600
  289473.7800
  290170.1100
  291823.5900
  291937.8600
  292568.5500
  293996.9100
  294218.9100
  295063.0800
  295776.1200
  296379.6300
  298225.3800
  298582.4700
  301502.7900
  301812.6000
  303327.7800
  303721.5300
  304080.1500
  304115.0100
  304997.8200
  305794.9500
  306581.4600
  308735.6700
  310655.7300
  310690.2900
  311050.6800
  312750.6000
  313496.2800
  314985.9300
  315665.2800
  315982.2000
  316519.9500
  320926.4700
  320974.5900
  321237.0000
  321341.5200
  321899.3400
  322129.1700
  322545.5100
  326791.4700
  327467.4000
  327651.7500
  329945.8800
  330929.5200
  332295.5700
  333794.6700
  335400.1200
  335544.3300
  336585.3600
  337457.3100
  337736.1000
  341321.1900
  341640.7200
  346134.9600
  347995.3500
  350220.2700
  352474.4100
  353934.9900
  357546.0600
  358267.5000
  358983.5100
  360355.1700
  362120.5500
  362958.4800
  366983.0400
  368490.4800
  369450.2400
  370651.1400
  371665.7400
  373027.6800
  373883.4000
  374376.4800
  375423.2400
  376025.6400
  378322.2000
  381322.9800
  381475.4400
  382128.2700
  382411.8600
  388255.4700
  388417.5900
  388502.4600
  391757.9700
  393247.8000
  395471.2500
  396573.3000
  397162.7100
  397371.1500
  398866.1100
  400771.6800
  401167.4700
  402288.9300
  404217.4500
  406310.0100
  410252.0700
  411402.5400
  416647.4400
  417194.6100
  419847.1200
  420908.8200
  422331.4200
  425350.6500
  426151.3500
  427584.9300
  428216.1000
  431273.2800
  431614.4700
  432558.3900
  433693.6200
  433945.8300
  434489.9400
  434566.6500
  435085.5300
  435308.1000
  435615.5700
  436302.9300
  436826.4900
  437708.0700
  437881.6800
  439098.6600
  441729.0900
  442450.4700
  443810.6100
  444718.0500
  445518.3900
  445639.8600
  449485.0800
  452313.7200
  452778.9300
  456966.9300
  459271.6200
  459350.3400
  459676.4700
  461072.2800
  461345.5200
  461562.9000
  463140.4200
  463373.6100
  467049.5400
  469324.5600
  469522.0800
  470164.6800
  470897.2200
  471598.9800
  472012.6500
  472538.5800
  475372.5300
  476997.3900
  477888.3000
  477948.6000
  479176.3200
  480475.1100
  480828.0300
  481171.7700
  484117.6200
  484270.7700
  487524.6000
  488034.0600
  488090.0400
  489216.9900
  491379.8400
  492007.4400
  492445.5600
  495049.1700
  497434.4400
  497696.6700
  498018.5100
  498489.9000
  500739.5100
  503670.1200
  504201.5400
  504982.7400
  507532.5900
  509218.2300
  509941.4700
  511983.6600
  512346.9600
  512685.8700
  512774.4000
  514444.6200
  514769.7000
  514940.9400
  514949.9400
  517264.2300
  517345.3200
  517352.0400
  517415.3100
  519317.6100
  520423.5000
  521599.8600
  522905.2200
  523715.4000
  525133.9800
  526004.6100
  526956.1800
  527285.2800
  528351.1800
  530193.3000
  531315.8400
  532124.9400
  532131.1200
  532662.2100
  534347.5800
  534660.0600
  535372.2900
  538042.5000
  538791.6900
  538937.3400
  540953.3100
  540976.6500
  541184.3100
  541307.5500
  541559.6100
  543101.9100
  543340.8600
  543450.7500
  545151.0900
  545441.1000
  545740.4700
  545769.4800
  547635.7800
  547663.8600
  547706.5800
  547735.8900
  547882.7400
  548190.4800
  550132.6800
  551326.4400
  552197.4600
  552312.8400
  552656.8200
  554033.7000
  556533.7500
  560124.9000
  560521.1100
  561148.6200
  562477.3500
  562597.2600
  567706.8600
  568904.6400
  574182.2400
  574603.1700
  577182.0000
  577896.7200
  578397.1200
  581164.8000
  582708.8400
  583319.8500
  584649.7200
  588023.6100
  589726.2600
  590607.4200
  592313.8800
  595924.1100
