Event parameters: 20120411d_freqx2_3.flt
      On time
      28.0800
    1918.8900
    2798.3400
    4424.4600
    5112.9900
    5120.5200
    5499.3900
    6685.0500
    7514.8200
    7610.0100
    7917.6900
    9562.2300
    9661.9200
   12375.7500
   12626.3400
   13550.4600
   14074.3800
   17036.2800
   19661.6700
   23405.4000
   24162.2700
   24513.3900
   24846.7200
   27091.7700
   27295.0500
   27434.4000
   27878.2500
   28387.2000
   28582.6500
   31143.0300
   31874.2500
   32720.7300
   32901.8700
   32988.9900
   34180.8900
   35304.0000
   36534.5400
   37260.1200
   38171.3100
   38490.1500
   38823.6300
   41180.6100
   41997.3600
   42462.4500
   42794.6400
   43250.6100
   44961.0600
   46824.6000
   47668.7100
   48646.9500
   48726.3300
   48786.4800
   49121.8800
   49185.7200
   49881.0600
   50155.3800
   51861.0300
   51874.2900
   53429.1300
   54976.2600
   55689.7800
   56370.0300
   56494.8900
   58162.0800
   58667.2200
   59144.7600
   60019.4400
   60136.7700
   60763.1700
   60828.3900
   62958.5100
   62983.6200
   63283.1400
   63396.7200
   63425.6700
   64680.8100
   65050.6800
   65474.8800
   65677.5900
   66468.6900
   67875.5400
   69424.1400
   69980.4600
   70867.1700
   71352.0900
   73429.3200
   73548.3900
   73795.1400
   75219.9000
   76494.5400
   78143.0400
   78448.6200
   79138.7400
   79252.6500
   79722.0000
   80069.3100
   80399.1900
   80623.2000
   80717.5500
   81966.0900
   82271.4300
   82275.9000
   83182.0500
   83582.2500
   85756.1700
   88427.6400
   88716.8400
   88964.9400
   89974.2900
   90709.6800
   92755.4100
   93575.9100
   94933.5300
   95005.3800
   96284.1300
   97746.7800
   97810.4100
   98706.8700
   98904.4200
   99206.8200
   99916.7400
  100005.3300
  101061.5700
  101317.8000
  102588.1500
  103273.7400
  103521.9600
  103950.7200
  104113.5600
  104450.9100
  105309.3000
  105776.6100
  106076.2800
  106151.9700
  109908.5100
  115646.7900
  116334.3300
  116676.1800
  116856.5700
  118696.2000
  118753.5000
  120084.5400
  121026.3000
  121482.2700
  122425.0500
  122573.7000
  123914.0100
  124491.7800
  124859.6700
  128434.7700
  129427.7700
  130787.1300
  131671.0800
  131897.4900
  132930.8400
  133448.7300
  133903.1700
  134461.9200
  134703.9000
  136836.2100
  136979.1300
  137309.2200
  138159.3900
  138181.2000
  138187.2600
  138217.6800
  144041.9700
  148152.5100
  149641.6800
  150956.3400
  154910.0700
  155534.0700
  156739.4100
  157094.3100
  157457.9100
  158026.7700
  159191.1300
  160875.0300
  162091.8600
  162312.3600
  165099.8700
  165554.4000
  166100.9100
  166401.0900
  166545.9600
  166936.9500
  167765.1900
  169782.2400
  170047.3500
  170137.2600
  170481.6000
  171131.2200
  171313.9200
  173199.5100
  173996.1600
  174390.7500
  175369.2900
  180053.5500
  180410.2500
  181077.0600
  183787.2000
  183869.9100
  184188.8700
  185833.9200
  186207.6600
  187109.7900
  187812.6900
  188554.3200
  191338.8000
  193052.6400
  195340.8000
  195859.5300
  196718.7600
  198272.9700
  198469.0500
  199620.5700
  199976.3400
  200572.4100
  200727.9300
  201327.6000
  201792.9000
  202445.2200
  203558.5800
  204354.7500
  204455.3100
  205215.2700
  205648.2600
  205876.2600
  207224.5200
  207493.0200
  208132.3200
  208580.8200
  209259.6300
  209278.0200
  209829.3300
  209868.5100
  210704.4300
  210844.8300
  211330.3800
  211453.9800
  212397.1500
  213865.5900
  214392.3000
  215219.1600
  215900.4000
  216450.1200
  217488.6000
  217632.6900
  217711.8600
  218202.5400
  218638.5000
  218695.2300
  220188.3900
  220193.9400
  222702.6300
  222765.2100
  223253.3100
  224017.0800
  225075.0300
  225811.6500
  226161.4200
  226507.5600
  227377.1400
  227564.7900
  228633.2400
  229276.2300
  231037.6200
  231100.0800
  231809.4300
  232379.0400
  233425.8300
  233919.0000
  233946.4500
  234517.3200
  235173.9000
  235460.4300
  235561.2000
  235972.3500
  237416.7900
  237868.7700
  238104.4800
  239325.9300
  239379.7500
  240603.8400
  240648.5700
  240858.1800
  242895.1800
  243333.3300
  243956.7600
  245329.7400
  245413.2000
  245441.1000
  245980.3500
  246243.7800
  246271.4400
  246453.6600
  246779.9700
  247008.6300
  249106.8600
  250232.4900
  250442.0100
  250921.8900
  251815.3200
  253156.1100
  257247.2100
  257545.1100
  257565.6900
  257668.3800
  258252.9900
  259028.5500
  259759.5300
  262057.6800
  262096.9500
  262633.8900
  264031.8600
  264931.4700
  265069.0500
  266305.6800
  267029.4900
  267286.4700
  270615.4200
  271858.5000
  272966.4900
  273222.3000
  273325.3200
  273771.2100
  273941.0700
  275862.2700
  276014.6100
  276019.6200
  276075.3300
  276400.5600
  276556.2900
  277418.1000
  277823.9400
  278806.3500
  278905.6200
  279423.5100
  279987.7200
  281636.6100
  282973.3200
  283836.4800
  284020.8900
  284480.5500
  284583.1500
  284890.5900
  285021.6000
  287011.0200
  287814.3600
  288103.6800
  288313.0500
  289512.0600
  289850.2800
  290434.4700
  290860.6500
  291179.7000
  293100.4200
  293436.7200
  294175.5300
  295053.9000
  296165.4000
  298641.2700
  298794.7200
  300233.6700
  300388.0800
  300821.7000
  301850.8800
  302754.9600
  302759.6700
  303101.1300
  303394.5900
  303538.5900
  303543.2400
  304643.7900
  304832.0100
  307239.3900
  308515.5300
  308745.6300
  311451.8100
  312935.7600
  315960.7200
  318029.8500
  319849.5000
  322188.0000
  323358.0000
  323924.6100
  324087.3000
  324210.9000
  325271.5800
  326074.6500
  326216.1900
  326632.1700
  326634.4200
  330238.8300
  330529.1400
  332573.6100
  335171.4300
  335729.1600
  338429.3400
  338472.3600
  338733.3300
  340502.0100
  341967.7800
  345338.5200
  346654.5600
  348775.0800
  354677.6400
  355493.0400
  358716.9600
  360764.7000
  365041.2600
  365865.8400
  367907.3400
  369132.2100
  369208.5600
  369714.0300
  372197.3400
  372455.1000
  372773.1600
  377886.0600
  379524.6300
  380201.7900
  380762.4600
  383933.1900
  384993.9900
  386606.7900
  388167.5400
  391809.5100
  393033.7200
  393793.1400
  394154.7000
  394504.6500
  395358.4800
  395385.9000
  395743.8600
  395892.3900
  396537.6000
  398062.3200
  400044.3300
  400407.0300
  402119.7000
  405810.4500
  406559.1600
  411262.6500
  411751.2600
  411871.1100
  412618.2600
  412733.1900
  413693.5800
  413768.2200
  414531.8400
  415421.7300
  416829.5700
  420136.8600
  421040.4900
  423571.2300
  426400.2600
  426811.7100
  428554.2300
  428619.2400
  429985.3200
  430272.5400
  433103.8800
  433446.2400
  434064.7500
  434298.3600
  435753.7200
  436273.1400
  437980.5300
  440343.9000
  441052.3800
  443018.4300
  443152.2000
  444557.0400
  444870.7200
  445106.4600
  448055.2800
  453076.3800
  453628.3800
  454406.9400
  455323.1700
  455938.7700
  457286.6100
  458665.9800
  462149.4900
  462927.0000
  463008.5100
  465160.3200
  466957.5900
  467265.2700
  468079.0800
  474194.3700
  474429.3600
  477735.6900
  480483.9600
  480921.6000
  481652.0100
  483439.8300
  484845.3000
  485075.8200
  485770.6200
  488254.3200
  488566.1700
  488613.9000
  488756.1000
  489387.5100
  489659.6100
  490095.1800
  490113.3900
  490398.3900
  493789.5600
  493940.3700
  493967.4900
  494541.5400
  495240.0300
  496216.8300
  496842.9300
  496902.8400
  497058.0300
  498421.0500
  499749.1800
  500840.5800
  503051.2800
  503442.4200
  504305.3400
  504613.9200
  505784.7300
  507828.6000
  509318.6100
  510802.0500
  512754.6900
  512797.3500
  516075.0000
  517022.3400
  517176.1200
  517207.2300
  517233.1800
  517285.5900
  517331.8800
  518329.0200
  519279.1200
  519383.6700
  519603.3600
  521492.1300
  521573.7300
  521587.6800
  521609.4000
  521930.7000
  522282.0600
  523743.3600
  524166.3000
  526041.9000
  527603.0400
  528376.0800
  528401.0400
  530057.9400
  530170.9200
  532070.6100
  532094.1900
  532194.6300
  532207.4700
  532414.4400
  534317.1000
  534421.8000
  534427.7700
  534570.0900
  536141.5800
  536567.7600
  536669.9700
  536678.1300
  537459.1800
  538288.6800
  539032.7400
  541002.5100
  541053.2700
  541918.2300
  542403.8700
  543278.7600
  543440.5500
  545527.5600
  545876.4300
  545978.6400
  547773.6000
  548620.1400
  549167.1600
  549910.8600
  550108.9800
  550780.4100
  552078.4800
  552250.6500
  552292.2900
  552358.6200
  552387.8400
  552444.7500
  553680.2100
  555621.7800
  557548.6800
  558926.3400
  559658.9100
  560433.1200
  561040.7400
  561790.2600
  562780.8000
  564536.6400
  564648.0900
  565112.2500
  566289.9900
  567156.3900
  567196.9800
  571018.6800
  573192.4200
  573559.2300
  574588.6800
  575039.5800
  578237.9400
  583896.3900
  584500.2900
  585707.7000
  586296.9000
  588452.9700
  589065.3000
  592633.2600
  593884.2900
  594192.9600
  594813.8400
  595170.0600
  596457.5400
  596904.5400
