1.199293363909559096e+00 1.393275933698113311e+00 1.397785384662216579e+00
2.391029111168247567e+00 2.439178079872723170e+00 2.380683530415080185e+00
1.719711895456597528e+00 1.800526825632729366e+00 1.794036429257813925e+00
1.813111485228928288e+00 1.793547640696298684e+00 1.829626311764529945e+00
1.600869650084036477e+00 1.782952152869053286e+00 1.749616771931830073e+00
1.779001679058689334e+00 1.981931905164886931e+00 1.985081645672281514e+00
2.018128789151452551e+00 1.940790435469956332e+00 2.107211584692761708e+00
1.637774366817623894e+00 1.908328502448140895e+00 2.111582125040809554e+00
1.830101061734190626e+00 1.873656589214867996e+00 1.880313097894159569e+00
1.602689812998504326e+00 1.713523404788290572e+00 1.945539544126445808e+00
1.924272640318168692e+00 2.142674280805834996e+00 2.177911736982700575e+00
1.965688248647206926e+00 2.105721868521490681e+00 2.122840614910311174e+00
1.528061793088450138e+00 1.797164385932112030e+00 1.877526597864073832e+00
1.804792412200315166e+00 1.757183690908236562e+00 1.978850119624594228e+00
1.676418946217533401e+00 1.844642383485849191e+00 1.760974183966938611e+00
1.701833455353261471e+00 1.884762438967348519e+00 2.036705267426706545e+00
2.037982621984208098e+00 2.092249645145468406e+00 2.244903109192008639e+00
1.827203937025464686e+00 1.883485106491050054e+00 2.253555294967104494e+00
1.618208104831759586e+00 1.803252451411502033e+00 1.833086576900645026e+00
1.566383479885184116e+00 1.788508152263506457e+00 1.876175920273818187e+00
1.934974967909176558e+00 2.102965175697531386e+00 2.435662647402812908e+00
1.789931982336076866e+00 1.971698659435160206e+00 1.912191622949844128e+00
1.709978339338635411e+00 1.728520594269591815e+00 1.796129077961816201e+00
1.380432002025273830e+00 1.660200876944746051e+00 1.648659972911585392e+00
2.139730374369408494e+00 2.153451089042292654e+00 2.300752534861438825e+00
1.941851935926263817e+00 2.111613464011632413e+00 2.230137622493038041e+00
1.977458266971188205e+00 1.877155437937579663e+00 1.936653729990856165e+00
2.062673292635970768e+00 2.241155541769935589e+00 2.277502000729564102e+00
2.091701005910964195e+00 2.118874519825695746e+00 2.323981256196536727e+00
1.892632222585823643e+00 1.885487903582276470e+00 2.057428690314910824e+00
1.867589744569183141e+00 1.964436543612424479e+00 2.139413770671301229e+00
2.009349133833812751e+00 1.971872304791684849e+00 2.121975581209079476e+00
2.788426089998084390e+00 2.785376075757709735e+00 2.692735466451234849e+00
3.146190488648644923e+00 3.096116097651986809e+00 3.132980446057527679e+00
2.550716202331244187e+00 2.761981927608283094e+00 2.980486619160659600e+00
2.208657689957551629e+00 2.357948845273173610e+00 2.409098339630838748e+00
1.930653586990848325e+00 2.173074716659163297e+00 2.272485615576748330e+00
2.053519866708542807e+00 1.937872548932356720e+00 1.946638845096151815e+00
2.307814388876314737e+00 2.371274475709541640e+00 2.466470389471836278e+00
2.600180466730551032e+00 2.688912259194379040e+00 2.545424691784914817e+00
2.374067227452102191e+00 2.528275448459081698e+00 2.549376289725963751e+00
2.157659816312392120e+00 2.213695922548248873e+00 2.188019671458818927e+00
1.652519027569557153e+00 1.810440606580242751e+00 1.755488391576483842e+00
1.780574312997020847e+00 1.935398268018750478e+00 2.006414500738342710e+00
1.859113593273818976e+00 1.929344090016020807e+00 1.870114611149380712e+00
2.580181614378112442e+00 2.485773614020825306e+00 2.725291885833253769e+00
2.123323963622213206e+00 2.312873027934767123e+00 2.547499653164341460e+00
2.265526810494741916e+00 2.412575147128576347e+00 2.511691773753953694e+00
1.894740284311438483e+00 1.930716164423018411e+00 2.005696486874733342e+00
2.124598099080916569e+00 2.069307777107718405e+00 2.172631509666707039e+00
2.519270818580708671e+00 2.736293992607322423e+00 2.579689380656509989e+00
2.008806466283133307e+00 2.131279212293118785e+00 2.278036315500044928e+00
2.514465571628898388e+00 2.371059315295216408e+00 2.458262625014030256e+00
2.337976396371036714e+00 2.397554556157706074e+00 2.402280884876354161e+00
1.995723590731466768e+00 2.041201429727239169e+00 2.072883405963848347e+00
2.643664957324474152e+00 2.843344576850221017e+00 2.976664204647180956e+00
2.249905077602551540e+00 2.499642234627170279e+00 2.434065022553421720e+00
2.930020112448092018e+00 3.029670097147958874e+00 3.135771569690531724e+00
1.708022562114205334e+00 1.811666993323667540e+00 2.090522829865295584e+00
2.083823738271659121e+00 2.055088276117008395e+00 2.366532796566010788e+00
1.813967933583440217e+00 2.137837927519975256e+00 2.204374219007418478e+00
2.312542984548297209e+00 2.367989121752897219e+00 2.362125688641697252e+00
3.047750645881708298e+00 3.463836927941812860e+00 3.280456336716849552e+00
2.368677971409229421e+00 2.444900748493412213e+00 2.438161104069540563e+00
2.401747554984055455e+00 2.358856453891064575e+00 2.617051815993909791e+00
2.374814672589714792e+00 2.657266961792957183e+00 2.694346439084933209e+00
1.854068482488960168e+00 2.226671751467659277e+00 2.053497917780141790e+00
2.852457011492417926e+00 2.849124173009893290e+00 2.650659500380637912e+00
2.212202433953869285e+00 2.159070175514822054e+00 2.193269595499971025e+00
1.817677424423144616e+00 2.062119779786291573e+00 2.021024092019302110e+00
2.167454916207376847e+00 2.095063245931947371e+00 2.404781988319947494e+00
1.481865879334894220e+00 1.715414860522633811e+00 1.554091133381765522e+00
2.319162570194529316e+00 2.319854170696990181e+00 2.391570010770786237e+00
2.642545027311280492e+00 2.666102057431671835e+00 2.631010555411375851e+00
2.144762858726900756e+00 2.559934176708727804e+00 2.540193549057971012e+00
2.279781604583529298e+00 2.454157542212524135e+00 2.329258843789501210e+00
2.488830810509596869e+00 2.413964015531085305e+00 2.628763726776932153e+00
2.237533837464705133e+00 2.322284012206363268e+00 2.223646074106754522e+00
2.461226219430896478e+00 2.474996561653173721e+00 2.596263228130867073e+00
2.246338613499903047e+00 2.154317250088728208e+00 2.430918399400799679e+00
2.165378208201505839e+00 2.436390367696905201e+00 2.170567537114273193e+00
2.335965120917462556e+00 2.590669308324990538e+00 2.584092906853561633e+00
2.656725639479305734e+00 2.907031548539473764e+00 3.081530858176811272e+00
2.051709761427183754e+00 2.547522113637922470e+00 2.387824454288932419e+00
3.095633742522310161e+00 2.803220153684375049e+00 3.231501542745087274e+00
2.281887474692018802e+00 2.359861139110257522e+00 2.290013614338349601e+00
2.189857325258388165e+00 2.085582375113361309e+00 2.279322401125735809e+00
2.455741248376991592e+00 2.456379581796324985e+00 2.629333472868335964e+00
2.741452392538114236e+00 2.738988996658379804e+00 2.565019489762036642e+00
2.055321408071362210e+00 2.191228845067793252e+00 2.249931126883978560e+00
2.349547237634576735e+00 2.607606010803957375e+00 2.678606444147910715e+00
2.182369049195199029e+00 2.163384428276868832e+00 2.372251437709581801e+00
2.103289897369771566e+00 2.440937843968199239e+00 2.337320053042207135e+00
2.740896116151027240e+00 2.701816451812748987e+00 2.867403060274409388e+00
2.274339797370543703e+00 2.395430692976389331e+00 2.561419017785254493e+00
2.900500059210029402e+00 3.026996908625618765e+00 3.280366659868755974e+00
2.127972314268448351e+00 2.165341601416913786e+00 2.188664510828167042e+00
1.798909883020133549e+00 2.103588246186402166e+00 2.215282027038542267e+00
3.132100641720368728e+00 3.356425864697413886e+00 3.476286281517174004e+00
2.514389338709324573e+00 2.387482561747681586e+00 2.748047589720554740e+00
2.360934634294499457e+00 2.597590680256416817e+00 2.474308566260347231e+00
2.374312452546620822e+00 2.476503641467935335e+00 2.407577922578700402e+00
2.939105689792117282e+00 3.146323501238558418e+00 3.095931675352263657e+00
2.315815985228412810e+00 2.597480873675313440e+00 2.671774645798551617e+00
1.922091894545117974e+00 2.057342596108262534e+00 2.529157311321607260e+00
2.341486870444935864e+00 2.627818070878398693e+00 2.897672280965599256e+00
2.457300744190058506e+00 2.539474137239408513e+00 2.368987703917361021e+00
2.427337161672350252e+00 2.735616685303129625e+00 2.794275049919287213e+00
1.995514189246905268e+00 2.062057651788804513e+00 1.965196362651560724e+00
2.047017509692500070e+00 2.148428942788073837e+00 2.252972394818723245e+00
2.486103005357000129e+00 2.289409248273846398e+00 2.537831361329749846e+00
1.690489061576446961e+00 1.934496451670834283e+00 1.851818791075903636e+00
1.750709684065144600e+00 1.856987971309961072e+00 1.763641951897785720e+00
1.895208715890354778e+00 1.869710406399185398e+00 1.943851109426211199e+00
2.297900233079657628e+00 2.517730469467934107e+00 2.684129607201124923e+00
2.316156836189684043e+00 2.493986752250925587e+00 2.730161746399167200e+00
2.380607274305982735e+00 2.858824200848296471e+00 2.751885948458587805e+00
2.356773455711528520e+00 2.422197190630888120e+00 2.366734053303368057e+00
1.755038673437146146e+00 1.822231736458439944e+00 1.952057738454602509e+00
2.173194797767634689e+00 2.244488922306713707e+00 2.420277079687839450e+00
2.119593476334552307e+00 2.341053002825410179e+00 2.422000876310189454e+00
2.777473829290606933e+00 2.857626762519615227e+00 2.912886442032931011e+00
2.026257992655096096e+00 1.955817137880867085e+00 2.035575213060191846e+00
2.453857809777738375e+00 2.287463988878227106e+00 2.412761758378887400e+00
1.820392135081156715e+00 1.884818608909412774e+00 1.848592221444319339e+00
2.820095579726617174e+00 3.124570830648057296e+00 2.997495031527589671e+00
2.537203251495387502e+00 2.729766105905819362e+00 2.725578993001002814e+00
2.378658279837678524e+00 2.344372109859581776e+00 2.178372089548048951e+00
1.664586563915305240e+00 1.839709101572061023e+00 2.023401237987143109e+00
1.844111224115774217e+00 2.021644478598052075e+00 2.108583469670015198e+00
1.702318223639119221e+00 1.890930958922418803e+00 1.795829704341607158e+00
2.010649357153834416e+00 2.140076414180640096e+00 2.445999955868837450e+00
2.115832989656234009e+00 2.257305761627434570e+00 2.403808448044469692e+00
1.497960267974975723e+00 1.573548129224940251e+00 1.700194487261095677e+00
2.581454228343141644e+00 2.725043966751838909e+00 2.457580663267137755e+00
2.056177806352685433e+00 2.498993099048484545e+00 2.193193337912321628e+00
2.148809752231761294e+00 2.219697217332728734e+00 2.236235469561445477e+00
2.529414193361638752e+00 2.624795178055516764e+00 2.406608593774887783e+00
2.369203075183132778e+00 2.569548564444763095e+00 2.578157344697872499e+00
2.148921611950307398e+00 2.273197907374722160e+00 2.250558090193825578e+00
2.781306989282319453e+00 2.937500995845136131e+00 2.791786726699684529e+00
1.656365688787347246e+00 1.888211145882263908e+00 2.046068246807250190e+00
1.784333803289970710e+00 2.004754206026014618e+00 2.019517284663840062e+00
2.139032152066571602e+00 1.986859138082017306e+00 1.957454019384858857e+00
3.034872858681441965e+00 2.934584898237646566e+00 3.016167510384448303e+00
1.983235206153389774e+00 2.090913339599425935e+00 2.284314246252361347e+00
2.370993272614991376e+00 2.276201638178475761e+00 2.462008096657212430e+00
1.956265246812514569e+00 2.233436921462331082e+00 2.291912484094341451e+00
2.137578938473946977e+00 2.202294574331706833e+00 2.385500114289469842e+00
2.642145261846781334e+00 2.645933640635409922e+00 2.942584798558622428e+00
2.107700716752844539e+00 2.111565481593317362e+00 2.292077528361669891e+00
1.692869085629826520e+00 1.977582913263005171e+00 1.870266566174378919e+00
2.365077493853920743e+00 2.247593543922515202e+00 2.350649640218193337e+00
2.354245028061671352e+00 2.429525490615649819e+00 2.499961101613832781e+00
2.620263248889553864e+00 2.494983667062896426e+00 2.747538923608975114e+00
2.350704330590287938e+00 2.317559097144170188e+00 2.476623688741506069e+00
1.733070397653912131e+00 2.015700592627852394e+00 1.890574995277213510e+00
1.913084788642243517e+00 2.048613676738292533e+00 1.877827235610824763e+00
2.141777976458711485e+00 2.544975772844798811e+00 2.372918664752855289e+00
2.648285037998970637e+00 2.595319543539800211e+00 2.461325667168010156e+00
1.781962508598802231e+00 1.925085612725651707e+00 1.953168838313207978e+00
2.081699300677543274e+00 2.265625462502435461e+00 2.147087085648641036e+00
2.251095171297017750e+00 2.435298790284882831e+00 2.520395204200396755e+00
2.865511888965943221e+00 2.876836763066990432e+00 3.150234435948637390e+00
1.994629893000285925e+00 2.047217010371506607e+00 2.054900814662781627e+00
1.869431384671463414e+00 1.832733160062341549e+00 1.732328522105764712e+00
1.962119331851002180e+00 1.900717073221689812e+00 2.037426088649679112e+00
1.750857767283602762e+00 1.786921569246652908e+00 1.912138381287091571e+00
2.099920189766807166e+00 2.200715059512685201e+00 2.186624459058914560e+00
2.161660532223855569e+00 2.054173718171089735e+00 2.326477933930251929e+00
2.005283330406209430e+00 1.869499984641552537e+00 2.190190291670179423e+00
2.386670601357147703e+00 2.436600938368242542e+00 2.627462051500542017e+00
2.263629090957549383e+00 2.059874337509840281e+00 2.330543096346173293e+00
1.708125028195972561e+00 1.933103026513367295e+00 2.016947600924097195e+00
1.892109327000542462e+00 2.027775723797074381e+00 2.120345707046184192e+00
2.166112312311913701e+00 2.326459129208499732e+00 2.337034129387022041e+00
1.798870159056763063e+00 2.149543970671590198e+00 2.248105880707326865e+00
1.874886622096882727e+00 2.019292032799814951e+00 1.921681416234349404e+00
2.108857383233024851e+00 1.991624274105988635e+00 1.973009043742014246e+00
2.250805272705622251e+00 2.338093609214794810e+00 2.337701384578703134e+00
2.164091166259102028e+00 2.046992944228374078e+00 2.357886463675334721e+00
1.845984826042943228e+00 2.018810947975989478e+00 2.300306019071048702e+00
2.304563983355186974e+00 2.333218295705957068e+00 2.540583757444117907e+00
2.068438948013785694e+00 2.250449809101120024e+00 2.119774332046464149e+00
2.351661835905974662e+00 2.409907643532234189e+00 2.311310773798320284e+00
2.278209456223974527e+00 2.442662514421263253e+00 2.318904362436802646e+00
2.060577726589989389e+00 2.051034253843023070e+00 2.187996807701287239e+00
2.328455110962540431e+00 2.718562630719050244e+00 2.937112785495477496e+00
2.323467673965906144e+00 2.545176966202248536e+00 2.475006922664299225e+00
2.024658323982524433e+00 2.328018835257214647e+00 2.374519543604380889e+00
1.676675249628896358e+00 1.889363816433413445e+00 1.990421084819799624e+00
1.954818846727097270e+00 1.891345067117453649e+00 2.107831364140136277e+00
1.862296698019467733e+00 1.977661887052035494e+00 2.077828564951248236e+00
2.260011089579395449e+00 2.358684478313894051e+00 2.370923897104352029e+00
3.166237601285260883e+00 3.275067666587174298e+00 3.217856957994027045e+00
2.325496858700418112e+00 2.657002328505321476e+00 2.638527032899429248e+00
2.397669002399623661e+00 2.382316204834132201e+00 2.535938109339403557e+00
1.969435234957593206e+00 2.379594686386086622e+00 2.245685021122038716e+00
2.631562811337301522e+00 2.718287564127068734e+00 2.939891190269919186e+00
2.144738552009929577e+00 2.473271727497564410e+00 2.454170683408563036e+00
2.268353418056956894e+00 2.202505983170445436e+00 2.430312777735795571e+00
2.284117159651954942e+00 2.354552502423040927e+00 2.401441867763827620e+00
2.320796140741680613e+00 2.366727574296015213e+00 2.154726359886683262e+00
1.772904000951605941e+00 1.923301990072464385e+00 1.742431633755648468e+00
1.859566960895547183e+00 1.971621844462792428e+00 1.999592711743543694e+00
2.025200865157472663e+00 2.188973179771802613e+00 2.227541153031841414e+00
2.461414754175763608e+00 2.695408582780677520e+00 2.760609099124225807e+00
2.360030540232081808e+00 2.253814565881131493e+00 2.362106223252663284e+00
2.164793283299792481e+00 2.337924546532860859e+00 2.387741844775973288e+00
2.047822478099083909e+00 1.919250254470178607e+00 2.014766232360492904e+00
2.106337264614715821e+00 2.027197747067539524e+00 2.184838304025368050e+00
2.150789584955114631e+00 2.505232874440988411e+00 2.254246969525366406e+00
1.969587330113530932e+00 1.877260735535894565e+00 2.142662710006599802e+00
2.393529556830228611e+00 2.583171397660898538e+00 2.373626880027271735e+00
2.085609375034229274e+00 1.970923492331483118e+00 2.100920789737442895e+00
2.582445418025873796e+00 2.481982980568392616e+00 2.372976779814802928e+00
1.972873856534855808e+00 2.082089852599695590e+00 2.243800197367924909e+00
2.346371860429731893e+00 2.178732461682708621e+00 2.400162706418973890e+00
1.989391811672597266e+00 2.255649389773618729e+00 2.411236727343441633e+00
2.899155346508460962e+00 2.867561207236050791e+00 3.046117746616324951e+00
2.153779093769686348e+00 2.168801484193271456e+00 2.136294992562577377e+00
2.301373773566126157e+00 2.529267851493864239e+00 2.442146167720422145e+00
1.653943519052472055e+00 1.932347940684651766e+00 1.923657643176403198e+00
2.018246698316547239e+00 2.131327677639074825e+00 2.199371323466482231e+00
2.132550860204134313e+00 2.187115554077260882e+00 2.140016764964306706e+00
2.592774107579277398e+00 2.432695250124014663e+00 2.346115938480511698e+00
2.132466857515642022e+00 2.173702444669400435e+00 2.298575723559634909e+00
2.242491246035793750e+00 2.266262970117582931e+00 2.562903742872111756e+00
2.235829955022811788e+00 2.112544446860194824e+00 2.378731739898106046e+00
2.377174451514307396e+00 2.237580910246150356e+00 2.209691026724939888e+00
1.979675010792277812e+00 2.107739775051380882e+00 2.038233696487896207e+00
2.054682148126528940e+00 2.428081145806206820e+00 2.287485165444903767e+00
1.867914242336977004e+00 2.114233508722849653e+00 2.055518950746678897e+00
1.977970005330731418e+00 1.934296627681426184e+00 2.076671497381967768e+00
2.433072041676706210e+00 2.438866107180474252e+00 2.379726583515345606e+00
2.218083643902879487e+00 2.337696089857294712e+00 2.343138531499795452e+00
2.113995240422738231e+00 2.109509039024059174e+00 2.288098564920956424e+00
1.978086770657844440e+00 2.147152877558014428e+00 2.421706938707504975e+00
1.924173604888931299e+00 2.074593119077129177e+00 2.064237762210803240e+00
1.670557289753906494e+00 1.848358934449223945e+00 1.975687457706630124e+00
2.132716081299963928e+00 1.913404521187821006e+00 2.348454524395498400e+00
1.835904856590382828e+00 2.031935985927391108e+00 2.170921041511049587e+00
2.140451569224294914e+00 2.238597188921795045e+00 2.531632052890689710e+00
2.187137297176300343e+00 2.283566434702823944e+00 2.433065369058533989e+00
1.491003825038482056e+00 1.743873451575236988e+00 1.911859724061568233e+00
1.836341169204010804e+00 1.968034945531042856e+00 2.058339917167546940e+00
1.867786459395449850e+00 1.852102105982151858e+00 2.036669934711785146e+00
2.080495299239591755e+00 2.028584210281695999e+00 2.269491266560716092e+00
2.006901174705871149e+00 2.185280230310387317e+00 2.267760155568714353e+00
1.798557811161024533e+00 1.782815993997375559e+00 1.871055950996238337e+00
1.886849989148394746e+00 2.060618063528173227e+00 2.294682582365872303e+00
2.531164028931362608e+00 2.386382952404628721e+00 2.644373860992502490e+00
2.025552096738572949e+00 1.969425940716404977e+00 1.987068130888639317e+00
1.615439617198992872e+00 1.709148514700166821e+00 1.855413433945596768e+00
1.773443569462892055e+00 1.998019093625744702e+00 2.114161390748902303e+00
2.122204129868560329e+00 2.227397393416044036e+00 2.574130396044510327e+00
2.241734331029249461e+00 2.120853119243393703e+00 2.355400522265743923e+00
2.191722509218316794e+00 2.279201400179845738e+00 2.415739437328252137e+00
1.962681605686540598e+00 2.254495908198899556e+00 2.236672676777870183e+00
1.836088246715770200e+00 1.883581201190139165e+00 2.046367126923276825e+00
1.747117478942006752e+00 1.796075472954083985e+00 2.108026459429783284e+00
1.981347793692689763e+00 1.970325919284259708e+00 2.347571359981584393e+00
2.071524792254875624e+00 2.086121048417763912e+00 2.155357451543932434e+00
2.136277923884067675e+00 2.091372989249574044e+00 2.276241201325158059e+00
1.933984276651538270e+00 1.885920458857613724e+00 1.924842251426038375e+00
2.122809727927006396e+00 2.382477748333636569e+00 2.300253246233316951e+00
1.463085372384016924e+00 1.700341854267324981e+00 1.806102559564164434e+00
1.769575943130683005e+00 1.746553386018973697e+00 1.869891258145349511e+00
1.640782953503723718e+00 1.871008295305093938e+00 1.942500625640719125e+00
2.294697939971341860e+00 2.141134351144789338e+00 2.289645789701703293e+00
2.216641647773796020e+00 2.358485147650853708e+00 2.371530662209836660e+00
2.120621186523143020e+00 2.216207533411854502e+00 1.922501131687381681e+00
2.176296641963549217e+00 2.134054240361486610e+00 2.037945161109496528e+00
1.891409308190920457e+00 1.982522337737588014e+00 2.015514758395590800e+00
1.801639326147929321e+00 2.001136679819735420e+00 1.921013548453854192e+00
1.599952642922181978e+00 1.878810589799440045e+00 1.930957283399434399e+00
1.595797962204392961e+00 1.761457174998811048e+00 1.801487467623913430e+00
1.688929130678080703e+00 1.782875452828006413e+00 1.759859344346436760e+00
1.432884847114104687e+00 1.707475195835904014e+00 1.799483962620630706e+00
2.089567027492777562e+00 2.390666807344630662e+00 2.236061694944966316e+00
2.702810910481042050e+00 2.560009445751832313e+00 2.716702078914065677e+00
1.801797580205820370e+00 1.862155020641960812e+00 1.889695679260606997e+00
2.004298417683594291e+00 2.042116092596721000e+00 2.229503878039178044e+00
1.713724547263250964e+00 1.942928564708766626e+00 1.883428063658674434e+00
1.796217097798374907e+00 1.819629988138370180e+00 1.958557468305182514e+00
2.217870659725011961e+00 2.198910069778795329e+00 2.183165093344196173e+00
2.024394684627534247e+00 2.187702983532090695e+00 2.392457244387068638e+00
1.904193175181523534e+00 2.195289268052556420e+00 2.170281910741127529e+00
1.587053343051050724e+00 2.051815265373259756e+00 1.989616701758511574e+00
2.203186003303353235e+00 2.208538471677189197e+00 2.396666992535247509e+00
1.817571459580383131e+00 1.812004855364856226e+00 1.910056032896935596e+00
2.138483983178887549e+00 2.212033260362584297e+00 2.302100376386051472e+00
1.588508723343994067e+00 1.793293271066447314e+00 2.012617576462884195e+00
1.817322813397248549e+00 1.884721343759900414e+00 1.894094859412262410e+00
1.831213413788489675e+00 2.081892901409476249e+00 2.137514071671509086e+00
1.933634246152291736e+00 1.921608944957412746e+00 1.968197189707594941e+00
1.491674540083304912e+00 1.724435890716505160e+00 1.822693684960729144e+00
1.920263080857429250e+00 2.010645108358037447e+00 2.175382987763206710e+00
2.269357261757574573e+00 2.565390192081646870e+00 2.606217365433120658e+00
1.740584949800574099e+00 2.090022618485086969e+00 2.153662037500489568e+00
2.149760645986525276e+00 2.165399467010711732e+00 2.049256426342870974e+00
1.603432140914300641e+00 1.721796305977817187e+00 1.642771148570275841e+00
1.990011447233622333e+00 2.017804607030984965e+00 2.228348746243069556e+00
1.775006534282143722e+00 1.761654129825916293e+00 1.838652695269321846e+00
2.530356808697761917e+00 2.312405737368704806e+00 2.599974604573271453e+00
2.203956501740794938e+00 1.912469909435362769e+00 2.065047630016500158e+00
1.922125144085978565e+00 2.171155460380854496e+00 2.247474585484302345e+00
1.669248750152616534e+00 1.650137298055866619e+00 1.844477501840402267e+00
1.694857492255629428e+00 1.784996219113303306e+00 1.807611351560831636e+00
1.894974667639983457e+00 2.187077802325179121e+00 2.161230097649034398e+00
1.850844231716578081e+00 1.966317423951467802e+00 2.002715209177998723e+00
1.867837644879948744e+00 2.064712895869060372e+00 2.187114812969837008e+00
2.032567624055062083e+00 1.882462752235132708e+00 2.230058358403977259e+00
2.401900063047543554e+00 2.251369716730743598e+00 2.462524501579750336e+00
1.648992563855147697e+00 1.886664420399231545e+00 1.956941285007551823e+00
1.754514350298839620e+00 1.832732407791147988e+00 2.009707192008521215e+00
1.611952358336513846e+00 1.740270631708477955e+00 1.853908818012791837e+00
1.927013072541335914e+00 2.081596275329790746e+00 2.106627778547799146e+00
1.720003600696023982e+00 1.854946090515280144e+00 2.015972332333086037e+00
1.734461864048916002e+00 1.771590841501855973e+00 2.095327168261778450e+00
1.884417702328240463e+00 1.937304997325549838e+00 1.914581183957578592e+00
1.935524724271985075e+00 1.933461206405368449e+00 2.060796858660128184e+00
1.688764228040878557e+00 1.931285944074859984e+00 2.201574277278699920e+00
2.015379766505060566e+00 1.949657602927149291e+00 2.092913585775963536e+00
1.995407714155577272e+00 2.231940362400639088e+00 2.262461872278659136e+00
2.361938764924577772e+00 2.098872002685809424e+00 2.217920239372121571e+00
2.008713950750242283e+00 2.269595069645991892e+00 2.431303136192401571e+00
1.891896318204867589e+00 2.098098543211491140e+00 2.221862031222106015e+00
2.381169083184846880e+00 2.265822076468212209e+00 2.338512693889201355e+00
1.756972104000089629e+00 1.771440695914203722e+00 1.891366307449463324e+00
2.273663406697755018e+00 2.266150457156964837e+00 2.253768898670268861e+00
2.701526671926291812e+00 2.585880996694805312e+00 2.872776137277956554e+00
2.023836129858727073e+00 1.963475801147040567e+00 2.115782052014174575e+00
1.812219067445156595e+00 2.013670029636391856e+00 2.050243411565273899e+00
1.809127947373250000e+00 1.944015759431969581e+00 1.972161000412548493e+00
2.133593341028000800e+00 2.040678440530096616e+00 2.186744644592232500e+00
2.003833800384261288e+00 1.994625860862368150e+00 2.211885271871595560e+00
2.420566998730879327e+00 2.607943809404468016e+00 2.782558341362750820e+00
2.673055363237692550e+00 2.491136692174187761e+00 2.863122228507460676e+00
2.166994320920567318e+00 2.582696578425013101e+00 2.427319937142556228e+00
2.406077730102448520e+00 2.400740742652738291e+00 2.916445976957576125e+00
1.856273463363743215e+00 2.008752139421444483e+00 1.890505066426472425e+00
2.903642381019194918e+00 2.988377247293038330e+00 3.236311935819477625e+00
2.189228491921239694e+00 2.488740949085514576e+00 2.505162908133620192e+00
2.460729535390254075e+00 2.486596085480462293e+00 2.620796057280253333e+00
2.163775882378314197e+00 2.129686358261583923e+00 2.089231431710732334e+00
2.222839217421817892e+00 2.883595311660619664e+00 2.976548690321305646e+00
2.537265936588500637e+00 2.768629188252154094e+00 2.690755972928957629e+00
2.653441558561690172e+00 2.964385879510611943e+00 2.775811008101252586e+00
2.128620440559157334e+00 2.107719933412467217e+00 2.162745363859079450e+00
2.612493702603514212e+00 2.875735062675075060e+00 3.048706036885729720e+00
2.566154341270250328e+00 2.433324839791893623e+00 2.622204993035195830e+00
2.195291227812858015e+00 2.211281074151425940e+00 2.431438721447168216e+00
2.200415258987882705e+00 2.373854411616181270e+00 2.649881097136055352e+00
3.042345216118916618e+00 2.789317437817157685e+00 3.073209635602348389e+00
2.386552925830748517e+00 2.653836878024882662e+00 2.617310150649452716e+00
3.057898231689231139e+00 3.419635824055355489e+00 3.557137599659978555e+00
2.017566963124887369e+00 1.967922670161724508e+00 1.920711099146496181e+00
2.291731447542275646e+00 2.302283716748728004e+00 2.338405342724464209e+00
2.352815674837096083e+00 2.454970054601576912e+00 2.563266070900615201e+00
1.761313012318447502e+00 1.890196955844660520e+00 2.064202961574832518e+00
2.253761769641942525e+00 2.492251998034881844e+00 2.589257783470459096e+00
1.851390128969672810e+00 2.143813499866531025e+00 2.085131813248513488e+00
2.146618665985856822e+00 2.510012856882732901e+00 2.462198301934540368e+00
2.252750778537062626e+00 2.242744226534336693e+00 2.081091960134327401e+00
2.325372710124570030e+00 2.330401722217949168e+00 2.351617551891573843e+00
2.079980809496989380e+00 1.985503897284060404e+00 1.977683313229949835e+00
1.734702096737551269e+00 2.084348838522449565e+00 1.923909071898286971e+00
2.495564958399780764e+00 2.460085413244401220e+00 2.657433659665843884e+00
2.363762209246362822e+00 2.686935913807356968e+00 2.735242526890006687e+00
1.938201805387111065e+00 2.098614757365267813e+00 2.080507777146045179e+00
1.668947179668185843e+00 1.936040661548534381e+00 2.043883724828458703e+00
3.189783626570434016e+00 3.324357628681704924e+00 3.460122142828721881e+00
2.516716320777680593e+00 2.929367577910940046e+00 2.735897570200255036e+00
2.360936481376071594e+00 2.614222170558814895e+00 2.683244519636013070e+00
1.635506571846297774e+00 2.000428715963282755e+00 1.755755462485248497e+00
1.908764863262475853e+00 2.192723487369628188e+00 2.404573403873496940e+00
1.818083351807017634e+00 1.977494782458457223e+00 2.220333037568861467e+00
2.275401450363213396e+00 2.289232316712492832e+00 2.256113731626917751e+00
1.891010077519029720e+00 2.180563240784461065e+00 2.653226785411094024e+00
2.356119902669630672e+00 2.292314503808197568e+00 2.652794819433235141e+00
2.488480289747867502e+00 2.395178639082279126e+00 2.467266986208396684e+00
1.995231945944418106e+00 2.208122174382685543e+00 2.294677472723577250e+00
1.945725474346975625e+00 2.124442034879703289e+00 2.358179205561636405e+00
2.614461921998442850e+00 2.509721039959444955e+00 2.676306419700007488e+00
1.659177374174665376e+00 1.704892665058087564e+00 1.721567130765285780e+00
2.510165181448565264e+00 2.636009359179757094e+00 2.663530815779975303e+00
2.018796057354683704e+00 2.328719156836106308e+00 2.356988548802549044e+00
2.096831976341762882e+00 2.113906263012421238e+00 2.250555698489292933e+00
2.125556688667414651e+00 2.074505520664365665e+00 2.488604499968027461e+00
1.835106890555033177e+00 2.111582555986624143e+00 2.343120064267803837e+00
1.950768892677823274e+00 2.217711814808100979e+00 2.187352210295757882e+00
2.767215561236641364e+00 2.797001009325456700e+00 2.812923007503753681e+00
2.030028374836865712e+00 1.984857164745876812e+00 2.050660653728757055e+00
2.360490121331243252e+00 2.328729344935517531e+00 2.266211537421691347e+00
1.857295288033819158e+00 2.001226388881132134e+00 1.966682603262047468e+00
2.269495972154729202e+00 2.280556166285816921e+00 2.513488443077911860e+00
1.783285320757410197e+00 2.017820254706163663e+00 1.980374739797672756e+00
2.413893597632775112e+00 2.270960008738591718e+00 2.421449343786168384e+00
2.063528880390349318e+00 2.111488731914410444e+00 2.160433212076638743e+00
1.776095973678394113e+00 2.000060415105628486e+00 2.281222086470527266e+00
2.153456750874424674e+00 2.412381853876885529e+00 2.390864268468596343e+00
1.884858030035708731e+00 1.893844697536721577e+00 1.835288846925810624e+00
2.359529781284046113e+00 2.393088009665979232e+00 2.505354395212463281e+00
2.119597609614817912e+00 2.019795668499840602e+00 2.556590536177715034e+00
2.151572668179404069e+00 2.239703629290080933e+00 2.472613330701092238e+00
1.850005631567062991e+00 1.957168546748438764e+00 2.138646887200885693e+00
2.278794213130168167e+00 2.284341516811029482e+00 2.444885806319222255e+00
2.210841318894049223e+00 2.212574547416776838e+00 2.194024246788940147e+00
1.861702228306653106e+00 1.938391609003506710e+00 1.936887125663985687e+00
1.974119754293842899e+00 2.043525269517285192e+00 1.950740472955220017e+00
2.135494649391570743e+00 2.317959827768877545e+00 2.631387747120685461e+00
1.925564003033717109e+00 2.128723099481469649e+00 2.168517294394923134e+00
1.976931580635284735e+00 2.187988799012661634e+00 2.274250853881127021e+00
1.950642556747543388e+00 2.126817779824959231e+00 2.027760841071949205e+00
2.042591822082360675e+00 2.079509318403043761e+00 2.082963394162765436e+00
2.393133238298519316e+00 2.608589813304759808e+00 2.510083457655704731e+00
2.272134720964962273e+00 2.286365976252738186e+00 2.534216404534668676e+00
2.009059126341163459e+00 2.205448698645614769e+00 2.054651532281168702e+00
1.573890837773105567e+00 1.761176160933029866e+00 2.089658867162853539e+00
1.905018165832371935e+00 1.826591504446161807e+00 2.222714723334761722e+00
2.028651169161853840e+00 1.904365544632589113e+00 2.032087273807500427e+00
2.083207656960380127e+00 1.978305623318557860e+00 2.139643249364179045e+00
1.902286838217590370e+00 1.988099447308288692e+00 2.103096513419911329e+00
1.933729339918042855e+00 2.451063716723289154e+00 2.167441949176802662e+00
2.139215263592852523e+00 2.284248412794804395e+00 2.285524026595533886e+00
1.798127966205985251e+00 2.198181149175616689e+00 1.924851791215711039e+00
1.797262326923040554e+00 1.836594285159317330e+00 1.972691792649290843e+00
2.024646268084434375e+00 2.099000639304584137e+00 2.334502742558133281e+00
1.599562645174756215e+00 1.863842147378984127e+00 1.768168869894316764e+00
1.714626933643653039e+00 1.885936662916497975e+00 2.053459453056572404e+00
1.809204194631817586e+00 1.790690642815033318e+00 1.839401024917373784e+00
2.058415753783625401e+00 2.181872543190400915e+00 2.135924764588857716e+00
1.819832780209281742e+00 1.985838766163097180e+00 2.231248904144982781e+00
1.993815564401548723e+00 2.234209691463330927e+00 2.268350769202520656e+00
1.835175736501731381e+00 1.866450317944824633e+00 1.999733076127632403e+00
2.116291901537891817e+00 2.093192843160124550e+00 2.116716507597391494e+00
2.283911032842829147e+00 2.292787838223253161e+00 2.381867772967624752e+00
2.404357516628051972e+00 2.370490947833627793e+00 2.486644442515314246e+00
1.822001103987116455e+00 1.726834065850339606e+00 2.024601628160939359e+00
2.250740988715973945e+00 2.392115277569150766e+00 2.506343766260992201e+00
2.133449027956948907e+00 2.216324357859313920e+00 2.296282133462175690e+00
1.919656866287726693e+00 2.036204677897734960e+00 2.265299278052857357e+00
1.811891548330872181e+00 1.889147449549424929e+00 1.909632992198371015e+00
1.679062852914975812e+00 1.930843529076083476e+00 1.935620170954113650e+00
2.125421689702578387e+00 2.245915081600185825e+00 2.439923892360652324e+00
1.978894944917642063e+00 2.052257579373591323e+00 2.027718604512557032e+00
2.003609306940067114e+00 2.239088054558988627e+00 2.503791615191803377e+00
2.231397930066489899e+00 2.221366316481612646e+00 2.256708545492115636e+00
2.688466153167314854e+00 2.834762767293146801e+00 3.025745226839966495e+00
2.700690213788699001e+00 2.806177517063005222e+00 2.928006133589353688e+00
2.106374406301610769e+00 2.324031357855842916e+00 2.481063471724021419e+00
2.276942163244734640e+00 2.551659420567518488e+00 2.730786171133640750e+00
2.164144044022020985e+00 2.499538664280615219e+00 2.653088793653260780e+00
2.646267605830305403e+00 2.636766773753185245e+00 2.673840840026881160e+00
2.298800677141637827e+00 2.514497156182100124e+00 2.426034899765050934e+00
2.137427334774754772e+00 2.135649072863844200e+00 2.363519090659996102e+00
1.968947498586052447e+00 2.255590729155239949e+00 2.351806205328327071e+00
2.044729302826544082e+00 2.526693382898322682e+00 2.382731620564352948e+00
1.950355423699702939e+00 2.208783057950243656e+00 2.462861379827096187e+00
2.019824829804448107e+00 2.197884871126304596e+00 2.254737646745575752e+00
2.170405770088407849e+00 2.506910743070538850e+00 2.395447351672927550e+00
2.556977449189502760e+00 2.586010277982540906e+00 2.802500008627600181e+00
1.769224674093203831e+00 2.026055981810812590e+00 2.071736046970829026e+00
2.492834377025292536e+00 2.262368567058735902e+00 2.708388674117529593e+00
2.414518302280326711e+00 2.395354763168240364e+00 2.560491007023777854e+00
2.235713137188502841e+00 2.497223193544713560e+00 2.455887935246739762e+00
2.530883033849678831e+00 2.498254997349144357e+00 2.725091762095583903e+00
2.665588162409452622e+00 2.602722514252074681e+00 2.554181308523929328e+00
2.622259812524303957e+00 2.646972549131787478e+00 2.844256458649216501e+00
3.148205494356485001e+00 2.936674547427511772e+00 3.138013628226965945e+00
2.371086603903250989e+00 2.380416563586853940e+00 2.475462151552468182e+00
2.100547164946517942e+00 2.272021647407479694e+00 2.350422633013342200e+00
2.300947045500110644e+00 2.477405282473532644e+00 2.561782718234774769e+00
2.156121650091070041e+00 2.300698868315251389e+00 2.111975238727718196e+00
2.557582150534113641e+00 2.521879833810515503e+00 2.398786473934460872e+00
2.285130189556901392e+00 2.336291453204458524e+00 2.630248054271256741e+00
2.118282869304925153e+00 2.188856125851986967e+00 2.181487055394085939e+00
2.671189708071979751e+00 2.722325666406169908e+00 3.021433152339714656e+00
2.747429511637614841e+00 2.607043957254576938e+00 2.910708423185861538e+00
2.594252158498785210e+00 2.632030747454723318e+00 2.761656987144387898e+00
2.584573407269862955e+00 2.529305382679373881e+00 2.476589225452178855e+00
2.404588941054063955e+00 2.399393699646970912e+00 2.380853629600907517e+00
2.096381727304489573e+00 2.255436394271069567e+00 2.257685351728575540e+00
2.100635927260138924e+00 2.035580672908190003e+00 2.221827743572432734e+00
2.418121764031679444e+00 2.665630959406048994e+00 2.663204057840049099e+00
1.681028764861258296e+00 1.996383501533302685e+00 2.169261690341689253e+00
2.699209027036849839e+00 2.590415163737002313e+00 2.681421515535652667e+00
2.011220330156768821e+00 2.061531249449457981e+00 2.165982891206148953e+00
2.502518985196399370e+00 2.665387372599631099e+00 3.099208349372269744e+00
2.231246655268867674e+00 2.382561201982696719e+00 2.563700098401638261e+00
2.134793943090098622e+00 2.325351957255279878e+00 2.384647178981573745e+00
1.947295994037732125e+00 2.233011832274330644e+00 2.320287815712778645e+00
2.426694071251112472e+00 2.419239517853680521e+00 2.330142762821064473e+00
2.083617410358427513e+00 2.384691299224503513e+00 2.392612401756831986e+00
2.077724336313989006e+00 2.246489754652616355e+00 2.479985481270229108e+00
1.626068662042913227e+00 2.027662844970002709e+00 1.953901491600262608e+00
2.147100549947368986e+00 2.140038652392945995e+00 2.328493615699426034e+00
1.859330862430020881e+00 2.005099303052724213e+00 2.086408394839106784e+00
2.019138907819944428e+00 2.028879200237918123e+00 2.247302244890757805e+00
2.089643914706678540e+00 2.189395904473040666e+00 2.330451548570852793e+00
2.276304416202643566e+00 2.470482355133382768e+00 2.733814507025686957e+00
2.233604768165001975e+00 2.512653641458151732e+00 2.491115291947556987e+00
2.071592033326259408e+00 2.318346799937444302e+00 2.511188425996130125e+00
2.358938328751298386e+00 2.224817740799111654e+00 2.480092872663792303e+00
2.030676797736385097e+00 2.406222527557468460e+00 2.294161241934849826e+00
1.995634891530392752e+00 2.077708706298438734e+00 2.262187106523273705e+00
2.211107857780097774e+00 2.231486667063730334e+00 2.365145842181430424e+00
2.291938983843851751e+00 2.198199672375187763e+00 2.300343573645425188e+00
2.544269824922202883e+00 2.651087162768931194e+00 2.704852654756487063e+00
2.242070809070642046e+00 2.051172935569546052e+00 2.151180800843853991e+00
2.019587428307551669e+00 2.474848392191262292e+00 2.477235933415772973e+00
2.026130186934694155e+00 2.042824647587139886e+00 2.374351776559260774e+00
1.881251664353013719e+00 1.909473660174587639e+00 1.917110115441157614e+00
1.723094299866973822e+00 1.985832635757114328e+00 2.033653009714919691e+00
2.085656213513895185e+00 2.433382174153789990e+00 2.155901926961793613e+00
2.440615794553718132e+00 2.498799796095015235e+00 2.738544812678629370e+00
1.866834456259924613e+00 2.197574803569395829e+00 2.193720632675835613e+00
2.766374558504230308e+00 2.560937978592956910e+00 2.613974272308640323e+00
1.746647638291270788e+00 1.916779457776782269e+00 2.035672268593250678e+00
2.246693042542572627e+00 2.473909066006477087e+00 2.519566617230954986e+00
1.918600903459715346e+00 2.074866853816573098e+00 2.061426144454710396e+00
1.944063581758255221e+00 1.918942684808258692e+00 2.134942217622770588e+00
1.760855206878993329e+00 2.006365182820510906e+00 2.067850494397731165e+00
2.255876143496077457e+00 2.146333869984631715e+00 2.198065747954332849e+00
2.602144937245921774e+00 2.588300647519684361e+00 2.691411676924368113e+00
1.887640732717748460e+00 1.890136798249169026e+00 2.054641439266919001e+00
2.450153328504600658e+00 2.431562690773052537e+00 2.481659398072030509e+00
1.785220016990155978e+00 1.906339180613087603e+00 1.834151171950721526e+00
2.083673309191057754e+00 2.161078288725906127e+00 2.285831502032719342e+00
1.942092670115505015e+00 1.994873974877722667e+00 2.160863633470162970e+00
2.047079768142567424e+00 2.050727755565388222e+00 1.974854311524925965e+00
1.603994038557570612e+00 1.919087719651199953e+00 1.949038399095217367e+00
1.640983929930408092e+00 1.669471794887763760e+00 1.665711429114302922e+00
2.054104923080050327e+00 2.458960409213783560e+00 2.451185949082164584e+00
1.751260614797271353e+00 2.261457659943167275e+00 2.210382130312691373e+00
2.436745981776021974e+00 2.918958877848782052e+00 2.708411438161604678e+00
2.089950893657750886e+00 2.172384851938304884e+00 2.138197731991720474e+00
2.592750202829042561e+00 2.690208655603556931e+00 2.449240987187026874e+00
2.077406595029299918e+00 2.200475711711818771e+00 2.412903786076001644e+00
1.868258299496474928e+00 2.137053549879647463e+00 2.144342485683270905e+00
1.822487916202514935e+00 1.793214970703774558e+00 1.814758254351838573e+00
1.825095789308566196e+00 1.889399800056145606e+00 2.048662698091040735e+00
1.762999848394634306e+00 1.976840944105386910e+00 2.005752765686698691e+00
2.065584174131752437e+00 2.305786239558981876e+00 2.495398223362689016e+00
2.558673003076190611e+00 2.603717779466472759e+00 2.592823328077768164e+00
2.689804572113272840e+00 2.694827129653837083e+00 2.755380527013932657e+00
2.117788626280609598e+00 2.186615447590761541e+00 2.537449411493016616e+00
1.597292074862539435e+00 1.716429920790801811e+00 1.805498988999001408e+00
1.595976089797074060e+00 1.855471762418870796e+00 2.017586791975300109e+00
1.766610448102547304e+00 1.850034099558772960e+00 1.956066251853042282e+00
1.576369313913670300e+00 1.640400793109492605e+00 1.800899312812402231e+00
2.582411089947564520e+00 2.643577218094601555e+00 2.488468544729490972e+00
1.944982266692518724e+00 2.310192460059474318e+00 2.282509341297105809e+00
1.800248855396272551e+00 2.177529585518443778e+00 2.119583638828826277e+00
1.650044201808736677e+00 1.872291318979871111e+00 1.933950831498918221e+00
1.845246456419490144e+00 1.842033485487604150e+00 1.862139585616870541e+00
2.057487788035849530e+00 2.534483712649216791e+00 2.330005712389105366e+00
2.094610399578368920e+00 2.066777172412454622e+00 2.336462387923796236e+00
2.318555593569264772e+00 2.243101520773672863e+00 2.476166746907522143e+00
2.249105108796304542e+00 2.138246612365586330e+00 2.292897436260662669e+00
1.854791499670967792e+00 1.773424061656295736e+00 2.122029733441856969e+00
1.703352285807587574e+00 1.866403943996281845e+00 2.027815268373435398e+00
1.785014780591982930e+00 1.934942890827452633e+00 2.115631060499915339e+00
1.983353151831441341e+00 2.009746994936373987e+00 2.499753332019256646e+00
1.854474906255963562e+00 1.952996887702659112e+00 2.180146442311712729e+00
1.486404715533886645e+00 1.739993927408018948e+00 1.751880938191070491e+00
1.864008207500131187e+00 1.783420873557356234e+00 1.848546942440248753e+00
1.744616573770981560e+00 1.800073295082001312e+00 1.952650970404143260e+00
2.017984005366896927e+00 2.128107707817229688e+00 2.221338681524311465e+00
1.870191673389994813e+00 1.719022939778789727e+00 1.975751783725373967e+00
1.830893250462519051e+00 1.957747369975661123e+00 2.154825879901646424e+00
1.764464535795838174e+00 1.891504130941536799e+00 1.971460085589880062e+00
2.332378044877149392e+00 2.280363971008652513e+00 2.463509939531258741e+00
2.119700355113561141e+00 2.143144576770160015e+00 2.153745580636008849e+00
2.393554907913356899e+00 2.163528430960106608e+00 2.391945463656402815e+00
1.837478156161833409e+00 1.865051975274030660e+00 2.040042263642831699e+00
2.223559131113958198e+00 2.348161868718137590e+00 2.326764201024268619e+00
2.183741636342736214e+00 2.008194537712566063e+00 2.201043540621874239e+00
1.854741559649813354e+00 1.846241872044872334e+00 2.100255261507558480e+00
1.765318055666656560e+00 1.804824000358202785e+00 1.751993467613687905e+00
1.708336821861348831e+00 1.874219623595831941e+00 2.114958935840568710e+00
2.079667570190722348e+00 2.219534251708939809e+00 2.239258498356711868e+00
1.894058500760388952e+00 2.132024656740813651e+00 2.191302121553172277e+00
2.315288233505618187e+00 2.181576767554607166e+00 2.378662123703729314e+00
1.919304127071574495e+00 1.824170570881869180e+00 1.986112466073197247e+00
1.959548208360611943e+00 1.788248011047799846e+00 2.049090500277780613e+00
1.481987113271196588e+00 1.626939340440567427e+00 1.794895077254157645e+00
1.366924459021104266e+00 1.608013708245891626e+00 1.799615586784585552e+00
1.721204102724592788e+00 1.756539718511413550e+00 1.785187181183558902e+00
1.848294789582503928e+00 2.001954163061887115e+00 2.133743107858872001e+00
1.915531110912601642e+00 2.073492244748524005e+00 2.302726053330091283e+00
2.132453945081103086e+00 2.062308238946991779e+00 2.109190997745129970e+00
1.890749642796919705e+00 1.926100471064884356e+00 2.061423338851769760e+00
2.118199642643425307e+00 2.075934349667734047e+00 2.240116831638081507e+00
1.975673370189019673e+00 2.103103540254420256e+00 2.291825813938443979e+00
2.104570602683386138e+00 2.323843401766666705e+00 2.342822581594009357e+00
1.813237423619420863e+00 1.827897878217846994e+00 2.101634319261156403e+00
2.074268000501487297e+00 2.016923848344428283e+00 2.119487978484700275e+00
1.886846683797669399e+00 1.891616176228188673e+00 2.021667712061453681e+00
2.165591969638867464e+00 2.155670089689756708e+00 2.413835933110413112e+00
1.951570021885205453e+00 1.999864854782212653e+00 2.134759721669069243e+00
2.389272202858080618e+00 2.359898783168518310e+00 2.687261194339723325e+00
1.831587903103119253e+00 1.857446578386484859e+00 1.965203140399303994e+00
1.673638517250990887e+00 1.794057791465711205e+00 1.802858346992508798e+00
1.810701882392543149e+00 1.917009873263010755e+00 1.978954100989230858e+00
1.575568463257852159e+00 1.740096545971456798e+00 2.077382383351578987e+00
1.816871168286771088e+00 1.938499176585971817e+00 2.014838022694499298e+00
1.887473365098852218e+00 1.817323780557325685e+00 1.944914002098089512e+00
1.675171525912138248e+00 1.793071262421537249e+00 2.044957803860202539e+00
2.002286483212729173e+00 1.891143662082529042e+00 1.960209285409539870e+00
2.052133666436894988e+00 2.003300681850204601e+00 2.314867954651316229e+00
1.634262365325836130e+00 1.916719657623918494e+00 1.995654662426530557e+00
2.092519575800295684e+00 1.981447386300775992e+00 2.154926064899335358e+00
1.810019622548414642e+00 1.973422113991468496e+00 2.116468008497649489e+00
1.733467724864898862e+00 1.845558040237817554e+00 1.903587285935644191e+00
2.286142170089913161e+00 2.093504892945799334e+00 2.361954358678261645e+00
1.914646125094763729e+00 2.097654912945388084e+00 2.298696966000100872e+00
1.759141773998433411e+00 1.930281363460720101e+00 2.055792121542539430e+00
2.334932858217849461e+00 2.465906034246852396e+00 2.549848033524507507e+00
1.782388978187244177e+00 1.892235869339626841e+00 2.020345659715308440e+00
1.689992602165853119e+00 1.884367431842364438e+00 1.945804024924875364e+00
1.653326302175476936e+00 1.615640292070207096e+00 1.738972033616103197e+00
1.791769383407040284e+00 1.960266157997342606e+00 1.927193094530460282e+00
1.981230272321604424e+00 1.947250647846529237e+00 2.105650472644401638e+00
1.906331440455048876e+00 2.056290760242675209e+00 2.177275358613838030e+00
2.157660287401300891e+00 2.183484730813453289e+00 2.413610174160410349e+00
1.946479625971092364e+00 1.785143144388340541e+00 1.992333760626026073e+00
1.800881860511053700e+00 1.860311557532496884e+00 2.009507925190382238e+00
1.990899674540264952e+00 2.097895364576945809e+00 2.066117058152322272e+00
1.612516065627625395e+00 1.853036803319953574e+00 1.978582649548376260e+00
2.376964573645467649e+00 2.294671202507553964e+00 2.169471236586581586e+00
1.676233751709204967e+00 1.864912201610887887e+00 1.956857498292752240e+00
1.530383074179610947e+00 1.741777944661136335e+00 2.074873986010642657e+00
1.998566769761150219e+00 1.921923089057133938e+00 2.148720455405953356e+00
1.891533193236616617e+00 2.010773775765271054e+00 1.941501455449670566e+00
1.987753189139384480e+00 2.047698273690206072e+00 1.946800968282943467e+00
1.964204269521567570e+00 2.098782657295396259e+00 2.122199273668691877e+00
1.800752552326276179e+00 1.848404165678347866e+00 2.071470208488466636e+00
1.647787389548166725e+00 1.863466231107195892e+00 1.961973288353132450e+00
2.087315802961389632e+00 2.016992505112745082e+00 2.238123428882361932e+00
1.399334637532109404e+00 1.618419470636950352e+00 1.687386516735901676e+00
1.628588592806219815e+00 1.767857388299734378e+00 1.863256543168629431e+00
1.730138288727698370e+00 1.691380564307667589e+00 1.843622318969230900e+00
2.101772373850019360e+00 2.165936636123949377e+00 2.291792089456937020e+00
1.727865665040994703e+00 1.858327408768023936e+00 2.031878479491579625e+00
1.399038543946421909e+00 1.829452338890252161e+00 1.807449575556896670e+00
1.935738192760207088e+00 1.960138058457427279e+00 2.071429437373479399e+00
2.023550720884091270e+00 2.052865852284325054e+00 1.925402217388477499e+00
2.172720516734206075e+00 2.044699620542893115e+00 2.254114500610307381e+00
1.586254163912220516e+00 1.826626863677839774e+00 1.956067181421971446e+00
1.706226770667774728e+00 2.018496321076851618e+00 1.960627498024078985e+00
1.784971419644650670e+00 1.891964499587843074e+00 1.995782856936084926e+00
1.790655209420200400e+00 1.983651932424918218e+00 2.173706315925681753e+00
1.673632434866551666e+00 1.934786815332305565e+00 1.968728484904942677e+00
2.051724414509023653e+00 2.212422896573863262e+00 2.229518354346456288e+00
1.747492287638027886e+00 1.763318862124776842e+00 1.848622014956113002e+00
2.157707874809457138e+00 2.022085804188308522e+00 2.038970733326753493e+00
2.770740905073038274e+00 2.805767889541515014e+00 2.895739318130429840e+00
2.200663601323631813e+00 2.095284035059603145e+00 2.396179561072001807e+00
2.032887337468571420e+00 2.085761622205331456e+00 2.595365346405760665e+00
2.362948598453288529e+00 2.532794268989365882e+00 2.575750671617894838e+00
1.739984405203841789e+00 1.789404468182153485e+00 1.788746039078987105e+00
1.985647044992155497e+00 2.276230398872022054e+00 2.106392323398599498e+00
2.714790461302209135e+00 2.553184686782162593e+00 2.627782081443814199e+00
2.329282060844753754e+00 2.390802357395439781e+00 2.277529389670510440e+00
2.435324879516612029e+00 2.437241131858579379e+00 2.407470180553914041e+00
2.984963168142414691e+00 3.189407480321948540e+00 3.128081895288584047e+00
1.724330822132819074e+00 1.880469569867776025e+00 2.029115424177829752e+00
1.772241566540489366e+00 2.176666305241491628e+00 2.057814323009904633e+00
1.820137974306035300e+00 1.855376807515375148e+00 1.884567163181954719e+00
1.855922659455518486e+00 2.123414707955557201e+00 2.219333596477777171e+00
2.009404590958292047e+00 2.185006053835887752e+00 2.158986200719391846e+00
2.107296093521923819e+00 2.226859582670051463e+00 2.183033209205207825e+00
2.006602118836170234e+00 2.063235022917899286e+00 2.110651623127246079e+00
1.684756727940773358e+00 1.841318048071422631e+00 1.977335225118109552e+00
1.544831251103317538e+00 1.726178404694773905e+00 1.783065222934076655e+00
1.430675381828448334e+00 1.689230656722100488e+00 1.807852319303513422e+00
1.565538904907443074e+00 1.741225964801810466e+00 1.991883461920361142e+00
1.797059471605798819e+00 1.904510451762563505e+00 1.813855824958348961e+00
1.894763327068567094e+00 1.938277019576354121e+00 2.048269935532483377e+00
2.021853479456250824e+00 1.991063429978304988e+00 2.343258882825297817e+00
1.800470088583509876e+00 1.837351651730090962e+00 2.207877615973544483e+00
1.517043437980457821e+00 1.648126960228286642e+00 1.867100357284516399e+00
2.049533866440136798e+00 2.085400124167406943e+00 2.294638123604566537e+00
1.589256462263489711e+00 1.684590414523676749e+00 1.738278933157979989e+00
2.129924584210208582e+00 2.263120803975149808e+00 2.394225477156096904e+00
2.100688694956159175e+00 2.150119721559939023e+00 2.405249448112634081e+00
1.918311576289500220e+00 2.143456234987624498e+00 2.069541957173475222e+00
1.658531077464872494e+00 1.916889496602234733e+00 1.899221887649997997e+00
1.450764920995190721e+00 1.663554955015167591e+00 1.878460177252773811e+00
1.614432540190316345e+00 1.698604869451406429e+00 1.694384047038497432e+00
1.878921516086216714e+00 2.065277947433695971e+00 2.236714239831611550e+00
1.478590483226712271e+00 1.629773981340253863e+00 1.838033432091120911e+00
1.554551087546809818e+00 1.796980921149065047e+00 1.804015103195651726e+00
1.597487538149942488e+00 1.838890344530296428e+00 1.857339662366164212e+00
2.043732387648827142e+00 1.972877523822451407e+00 1.987142314634197771e+00
1.844608188265510540e+00 1.983263091776213294e+00 2.075130298360081671e+00
2.302384854341168019e+00 2.117056002128313796e+00 2.448656930012375721e+00
1.500495175963694194e+00 1.664240854329734454e+00 1.932363030770315682e+00
2.417749081654752441e+00 2.222848794575101206e+00 2.512118022514776783e+00
1.824460943804668389e+00 1.786184323164788257e+00 2.029445328946828386e+00
1.963699168066910028e+00 2.024712238682800702e+00 1.931333537424041680e+00
2.015164568870599915e+00 2.005648153346361262e+00 2.023895550942472976e+00
1.699023599704479137e+00 1.927665467851664705e+00 2.079090129017171495e+00
2.367817036594908053e+00 2.336452627557327855e+00 2.198420481743830202e+00
1.533488480845885071e+00 1.734888128689391129e+00 1.954485828182296547e+00
1.373577441645392971e+00 1.608673845204081854e+00 1.852618223562446875e+00
1.488535266822704983e+00 1.747955472208402750e+00 1.741229905966538372e+00
1.876477760697468966e+00 1.769683470494080479e+00 2.102330819320639588e+00
1.678009982604798722e+00 1.863732131071110576e+00 1.894383204453339742e+00
1.977824109674274133e+00 2.149917728286411478e+00 2.207217030635199695e+00
1.683395277012874391e+00 1.726769841389387494e+00 1.836349374841673043e+00
1.849510738984605940e+00 1.979660068442605780e+00 2.064086916832938545e+00
1.413991499230632165e+00 1.634475460501628064e+00 1.736105871677364743e+00
1.674539957489102671e+00 1.907345630477203180e+00 1.948781080865536364e+00
1.820483870739352472e+00 1.922841840227401011e+00 2.019196202500234349e+00
1.717542774068015587e+00 1.778814338378829962e+00 2.058967392088907555e+00
1.705292686213373266e+00 1.750729079603962290e+00 1.767230329735282268e+00
2.425186781445296536e+00 2.191082084662318685e+00 2.378651151465122737e+00
1.797088127461837326e+00 1.764041734681941698e+00 1.806067287490695339e+00
1.885540186482520753e+00 2.018868966972456658e+00 2.045556075846659994e+00
1.672230184132537545e+00 1.908519725052147287e+00 1.958710552127844950e+00
2.103197576491661724e+00 1.969569162737801804e+00 1.992977143562323805e+00
1.834322603291239862e+00 1.793906532716333713e+00 1.857620285485761302e+00
2.546204217084283794e+00 2.800857279585321713e+00 2.770968690598719419e+00
2.310232524173674751e+00 2.296743205877346483e+00 2.482848179172013392e+00
2.164105565913280405e+00 2.139855118368436226e+00 2.335983275699285322e+00
1.902226820505544147e+00 1.983900280937193505e+00 1.964402913151652941e+00
2.091672934437716069e+00 2.200496678161534714e+00 2.451563136524242736e+00
2.295532199870827572e+00 2.235718378225905134e+00 2.392125476074808521e+00
2.116824397230818722e+00 2.222459442215284131e+00 2.161329698343755989e+00
2.124052776792467068e+00 2.196526698613293416e+00 2.227671725871125386e+00
2.062827712368752842e+00 2.081725688385654749e+00 2.367287542031420333e+00
1.711745692460483692e+00 1.984171715979640815e+00 1.899418359435131265e+00
2.065286499927945663e+00 2.126952244655034630e+00 2.176246319884773683e+00
1.678485910522824476e+00 1.943019648837264857e+00 2.109873093543650047e+00
2.175478298930145993e+00 2.440428160089306520e+00 2.247625290541853005e+00
2.104612218195959450e+00 2.032954148310676334e+00 2.343588363936899732e+00
1.682169762805616919e+00 1.804709324255606706e+00 1.940528634485963577e+00
2.357077665969834257e+00 2.481734868553586271e+00 2.548562230602690715e+00
1.795973188626458050e+00 1.921162050587049919e+00 2.260857686274404532e+00
1.927674533516475552e+00 2.399177182402830066e+00 2.170609475380088860e+00
2.938849258633618788e+00 2.985003087067320759e+00 3.079561112337108497e+00
2.166646460516859385e+00 2.069060783238692913e+00 1.926156526517071033e+00
2.268478403458959125e+00 2.137692892352238250e+00 2.106049238655014477e+00
2.093593917716891184e+00 2.240713280774353500e+00 2.520200274857947953e+00
2.079703195409101646e+00 1.950886625931063545e+00 2.042383388650654830e+00
1.480964004664922840e+00 1.736752873055708246e+00 1.904147044592364946e+00
2.019152377427286371e+00 1.939283544751014388e+00 2.331341016600688487e+00
1.793753030562588391e+00 2.081142162453366140e+00 1.984422340159057718e+00
1.870526107954212147e+00 1.827688231396989105e+00 1.766745224773318412e+00
1.704811932461652191e+00 1.831560862670294831e+00 2.058873261450655967e+00
1.524189490787354995e+00 1.729283259037492471e+00 1.823660918924083774e+00
1.805609304060384890e+00 1.942490652441309251e+00 2.055588493196867539e+00
1.855678692691709042e+00 1.991321641331484926e+00 2.143682042777111274e+00
1.623716822618926692e+00 1.843062365164988892e+00 2.042738210865794990e+00
1.890521140150317692e+00 2.000317089430674766e+00 2.240482747776174399e+00
1.806970719898589373e+00 2.065369597614453046e+00 2.101700532759240847e+00
2.016859120978764519e+00 2.009769629685117742e+00 1.998570430823364052e+00
2.014343611877707385e+00 2.342850741393466496e+00 2.547817296887163074e+00
2.354146292974838683e+00 2.641848234158191921e+00 2.602297953197864722e+00
1.770772256328230654e+00 1.919537402282704530e+00 2.171731930097102303e+00
1.869129109709703362e+00 1.890624611418439294e+00 1.981863604792980516e+00
1.511081322371775171e+00 1.712730525673046733e+00 1.670360304961507669e+00
2.082010582738068827e+00 2.060195907271622051e+00 2.023728915107115167e+00
1.927848111518185359e+00 2.030456108922360503e+00 1.916880031319295963e+00
1.807157882891411216e+00 2.255394621171091352e+00 2.207467895052984463e+00
1.631146353502275881e+00 1.784161145328047260e+00 1.865337716434120718e+00
1.673325103442016903e+00 1.808598851956556341e+00 2.031167179093694486e+00
1.423305468230297910e+00 1.628790673324040705e+00 1.558516798502062262e+00
2.368672588798446110e+00 2.207694391158513625e+00 2.191429349942485505e+00
2.331723310919066705e+00 2.350326715142509570e+00 2.378703752749386613e+00
1.742253129505343168e+00 1.918348877416692133e+00 2.004275320568663865e+00
1.590573614382875478e+00 1.749408116889211495e+00 1.699233285450742148e+00
1.716269720817945821e+00 1.991148263183720069e+00 2.103648512206742094e+00
1.625892256450975681e+00 1.734212907629281597e+00 1.823795489273391635e+00
1.911761168661204380e+00 2.049905436708874262e+00 1.964520636645902041e+00
2.232103929891643190e+00 2.468692883993766962e+00 2.627748536545065683e+00
2.130040791526190525e+00 2.222637518849251315e+00 2.342248048618326361e+00
2.170856372361029685e+00 2.585060275758390702e+00 2.379983269945252555e+00
2.488391492060742394e+00 2.220081746461376682e+00 2.301255338057251354e+00
2.013725476903106326e+00 2.167658846759666247e+00 2.146688025845143510e+00
1.972057226524137619e+00 2.064848485364093822e+00 2.193359198712938163e+00
1.922625700933465298e+00 2.076679051666451503e+00 2.260725765600657411e+00
2.073983218159455522e+00 2.042340760721966575e+00 2.127768946044239939e+00
1.597840567768045617e+00 1.897373947791865412e+00 1.995170870620036840e+00
1.824376655284190019e+00 2.040438403328583394e+00 1.979000831446192210e+00
1.572557275836998780e+00 1.803977881210429235e+00 1.892209204064128958e+00
2.112001302180393836e+00 1.934563948946077971e+00 2.141716201223241356e+00
1.855012663579399756e+00 2.039448730486742800e+00 2.252540710289675729e+00
1.707059390326373327e+00 1.847942610121296347e+00 1.933877516259509655e+00
2.240850115207565718e+00 2.305092414814983393e+00 2.328234269037418258e+00
1.511391204825558443e+00 1.780133144294451242e+00 1.805043963727457790e+00
1.827302726318125625e+00 1.896209648322516816e+00 1.890901610360151253e+00
1.689030692899862629e+00 1.820821207612996151e+00 1.694440532841356539e+00
2.458005610524460760e+00 2.761166708733887365e+00 2.652341377423823587e+00
2.066191122638362021e+00 2.154840367342508944e+00 2.347927080195295169e+00
2.218680971242296351e+00 2.229734625059073050e+00 2.195804240089992643e+00
1.992628556519946637e+00 2.273511759162841539e+00 2.204872337704696594e+00
1.621298342560201444e+00 1.755828014834705630e+00 1.710505809547820499e+00
2.146918592232797351e+00 2.051506733914724379e+00 2.262017304538139761e+00
1.645038677255390658e+00 1.745593384899242206e+00 1.948332675899505206e+00
2.508281344911838850e+00 2.359901134577166104e+00 2.514165339960413803e+00
2.130105407487840274e+00 2.262257320675348460e+00 2.196448334212000031e+00
1.671633510376641762e+00 1.712531005741313006e+00 1.776429807715390163e+00
1.852511892021232232e+00 1.731884188514969836e+00 1.835906535897616321e+00
1.473985129027385543e+00 1.783562229590704318e+00 1.878331381027736668e+00
1.532349892014452486e+00 1.604774652600473361e+00 1.731780886921788998e+00
1.793739940689813794e+00 1.936554213789233092e+00 2.225902120006621132e+00
2.069051514192784325e+00 1.956759862204452194e+00 2.311807951113137083e+00
1.415825048454101287e+00 1.659624451227044828e+00 1.694672706994342803e+00
1.530846732431938584e+00 1.658906708560457188e+00 2.056155698917546459e+00
1.574109384249573695e+00 1.688999412799681021e+00 1.756479688599159594e+00
2.184770709170637648e+00 2.666098617895548362e+00 2.627048617904568673e+00
2.018878892102750733e+00 2.432069936681552136e+00 2.476655582174711601e+00
2.216404050424891636e+00 2.515143991520524480e+00 2.597362451043594422e+00
1.854462431883420415e+00 2.164091470569805331e+00 2.168521145755126334e+00
2.074445420700854914e+00 2.036419082990530427e+00 2.228263227613240804e+00
2.104131088820530682e+00 1.946820916814750113e+00 2.272047726573711124e+00
1.668399964866510210e+00 1.717681267628471398e+00 1.811549443859648889e+00
1.948621056628672799e+00 1.998741135254602952e+00 2.182694279841356000e+00
2.142881073603429165e+00 2.273428975660188645e+00 1.937252463717073603e+00
2.189080847200457480e+00 2.164262854628590027e+00 2.197391236488827726e+00
1.486540093328710732e+00 1.736392962675449958e+00 1.633114117688295508e+00
1.694406947190536528e+00 1.863455652883997615e+00 2.132289991042157329e+00
2.369611546252935685e+00 2.351559424307089863e+00 2.548915009645173591e+00
2.157849013352208800e+00 2.072775199097247611e+00 2.216446216607990571e+00
2.419518096757942605e+00 2.393052477135577671e+00 2.301042836083545762e+00
2.114752642782473657e+00 2.167476557316248442e+00 2.336464832399999469e+00
2.195094757845484246e+00 2.092625430515452578e+00 1.965482282165398331e+00
2.420814573446027129e+00 2.239710143860593750e+00 2.391676020939379921e+00
1.888160772509969831e+00 1.927297687266176673e+00 2.144401896472183378e+00
1.789382658174145435e+00 2.060668006924740059e+00 2.030104340598706703e+00
2.347781967943912473e+00 2.514780413522443858e+00 2.479466682004602518e+00
1.987651560469750667e+00 1.990503758947868684e+00 2.047144719418479308e+00
2.096067881391705967e+00 2.071879667052765495e+00 2.052741789150179130e+00
2.195104192165354018e+00 2.285521179796894398e+00 2.244703399716860837e+00
2.315995759338849158e+00 2.473641388012165265e+00 2.589415765908964939e+00
1.863680499450191430e+00 1.939053060405302453e+00 2.068051843868944584e+00
2.072374763599413416e+00 2.239278617888448508e+00 2.109108859055803364e+00
1.663636196293568625e+00 1.819586259766796443e+00 1.966611683755333351e+00
1.971104921438627811e+00 1.959804306992112721e+00 2.195294524153269755e+00
1.424856826992882741e+00 1.678160305534515562e+00 1.730662369748362739e+00
1.994873166932969344e+00 2.190129006979903536e+00 2.182957384342808727e+00
1.858802899687606924e+00 1.862553256615704811e+00 1.964492110939096925e+00
2.165262276897050420e+00 2.146920125330300522e+00 2.215980941278575589e+00
2.149509901333278794e+00 2.189263543479140317e+00 2.216613295710938125e+00
2.206508731833921821e+00 2.111003084121025442e+00 2.361093313904123914e+00
2.290275911916016760e+00 2.204026961048335842e+00 2.172798658210185252e+00
2.185220122810784371e+00 2.630137708665700735e+00 2.548641188474514152e+00
2.757045285345370189e+00 2.695515781127016286e+00 3.047450929985155543e+00
2.133475005465154339e+00 2.158009510680679366e+00 2.345193892823546289e+00
2.263230728811194137e+00 2.463283380304287284e+00 2.671475358068345241e+00
2.610141776387126189e+00 2.694715073787864235e+00 2.722237169190320660e+00
2.196488350660176447e+00 2.237820021869373122e+00 2.390647376302345251e+00
2.511073552116730667e+00 2.432003606231522674e+00 2.796082523126677710e+00
2.519254751339802478e+00 2.349702393223792818e+00 2.816812399733681804e+00
2.283942541517300473e+00 2.337952736970921208e+00 2.437740278819510387e+00
1.867828905735914535e+00 1.904271475742629782e+00 2.018456949624999996e+00
2.732136916360834444e+00 2.907049929706607472e+00 2.859183371758465153e+00
2.768402236243400427e+00 2.700714977922153537e+00 2.949262020524059391e+00
2.170703211064521021e+00 2.454673347168498054e+00 2.649264865799015212e+00
2.034027308751443552e+00 2.053808177980231520e+00 2.227854077109753472e+00
2.176288992534723743e+00 2.595237241799372985e+00 2.565120634024604662e+00
2.977725255032705576e+00 3.239917322088261997e+00 3.386034223423261658e+00
1.735231207608716408e+00 1.891053554218316890e+00 2.030899738442881297e+00
1.997728085311553547e+00 2.191615564943612426e+00 2.357817319907598019e+00
2.588750038834915390e+00 2.732263636914702420e+00 2.908911652762030009e+00
1.853286779566157394e+00 2.187123337055725703e+00 2.336008539900056746e+00
2.192294955486108421e+00 2.064185469978513598e+00 2.298742179370603100e+00
2.577637298747211592e+00 2.607925964874634239e+00 2.844266485192150196e+00
2.509059801649079713e+00 2.476084183478998391e+00 2.381488862816215857e+00
2.281027868718679130e+00 2.573506095745506705e+00 2.753352691051029755e+00
1.993233334049810956e+00 2.189231354393008200e+00 2.355506103341108659e+00
2.270386422483834821e+00 2.329694046278757202e+00 2.438649352661583780e+00
2.002665980711679783e+00 2.185725382796734895e+00 2.405037905162989542e+00
1.875934528648487198e+00 2.170979696934869363e+00 2.290463047702914423e+00
1.935176379455975315e+00 2.038615304992464239e+00 2.068292169346906295e+00
2.516107374587158052e+00 2.390447315395163308e+00 2.732503218416869828e+00
2.285514548254582667e+00 2.526846759766414596e+00 2.519496216052132365e+00
1.579064890614747751e+00 1.772427722529516636e+00 1.896278576991197840e+00
1.796400650242546915e+00 1.996698792978696790e+00 2.177811216754276913e+00
2.198174299739850124e+00 2.305870633740426445e+00 2.471005454959922965e+00
2.223429554861962920e+00 2.812102577478594156e+00 2.646008538346986239e+00
1.919676402322244346e+00 2.067977414573818340e+00 2.408361267315239029e+00
2.577533691540719651e+00 2.613188368186877497e+00 2.635167422722929587e+00
2.126636311647539301e+00 2.353046778241788761e+00 2.332356157774504002e+00
1.935919073438419513e+00 2.160995137854810899e+00 2.525807171433810616e+00
2.026409982493684314e+00 2.169295783374219688e+00 2.371715982093130393e+00
2.699535193438804104e+00 2.843425474113973728e+00 2.906366098027477474e+00
2.136802037136507515e+00 2.224942317677160997e+00 2.348607921188380576e+00
2.143267499287859756e+00 2.165200428990511128e+00 2.594047097109560607e+00
1.938015311831271070e+00 2.180736095956144815e+00 2.172611876915913065e+00
2.322969565743230991e+00 2.554118390257354765e+00 2.713387887596659720e+00
1.815141472688119650e+00 1.874291837351405476e+00 2.002007134968484259e+00
2.644310414595955283e+00 2.527728002965476062e+00 2.623459201969794208e+00
2.812334355053380364e+00 2.588899509536870536e+00 2.741689535311199855e+00
1.995935962700340793e+00 2.428698085354494385e+00 2.353125517780016551e+00
1.943647748518887219e+00 1.969168522252012554e+00 2.122086571683156730e+00
2.433398687246397518e+00 2.676040241738544267e+00 2.734443739950956243e+00
2.149133846163740813e+00 2.198981024053356936e+00 2.278549498502656867e+00
1.911070313043297109e+00 2.205998109312351740e+00 2.233612822295697686e+00
2.105884392778209602e+00 1.979405463503243201e+00 2.100437450360273850e+00
2.412247816999647743e+00 2.629238494510172330e+00 2.849437305315706048e+00
2.247730832030685910e+00 2.543014394500998865e+00 2.391269271141699626e+00
2.068741028307476970e+00 2.018287146992365333e+00 1.909830388253714650e+00
2.012862196403066850e+00 2.176061698197549799e+00 2.458489531669742600e+00
2.956577234379407226e+00 2.700797679634454163e+00 3.024290990782566801e+00
2.841980257190771741e+00 2.877565267847470132e+00 2.886385517142580071e+00
1.378991263252396626e+00 1.618991129239935045e+00 1.915922400376359302e+00
2.779777446266695318e+00 2.786119038152848670e+00 2.727734602674834807e+00
2.537285226701633700e+00 2.457470210151782908e+00 2.738222033264739785e+00
1.880167775420579224e+00 2.153720953030029417e+00 2.301028223463074784e+00
1.779557629946551645e+00 1.968061487156798073e+00 2.321683716124113950e+00
2.538851059292538626e+00 2.587308262071275511e+00 2.631780182513033139e+00
2.347270762444432002e+00 2.366023862089812635e+00 2.638042259404233203e+00
1.638959205695782684e+00 1.910798569666509739e+00 2.018873407395930464e+00
1.731752724100591001e+00 1.906231364810276885e+00 1.908057588088646339e+00
2.268945648319210306e+00 2.414999236202624910e+00 2.541896609642537719e+00
2.411612663178068328e+00 2.785567778436570219e+00 2.845143435714093005e+00
1.909375802357452523e+00 1.971174143690406222e+00 2.064109053334734600e+00
2.294477141783128005e+00 2.267426134864869436e+00 2.275884140524277122e+00
2.341335194150837129e+00 2.139857061790199300e+00 2.440175289239469691e+00
1.961969193716740278e+00 2.017430992940880241e+00 2.116722993957748766e+00
2.036729687460644200e+00 2.119806581628546738e+00 2.147419827946198456e+00
1.839927747887908360e+00 2.151238912063692332e+00 2.039665708760767693e+00
1.767042625268542055e+00 1.809293301377144392e+00 1.811875677633787873e+00
1.838153796466183376e+00 1.838733639369274142e+00 2.072505635834839932e+00
1.465388595917281656e+00 1.725431928004245385e+00 1.619507508510345861e+00
2.419391619539005500e+00 2.424520908815037235e+00 2.466683119689428771e+00
1.652402113794521732e+00 1.760326457241036202e+00 1.714074083894044920e+00
1.743605064379501801e+00 1.956491942111627802e+00 2.075575938759650185e+00
2.160024863184406119e+00 2.012371189765151946e+00 2.074116206786465355e+00
1.706035778333922170e+00 1.830385558992293937e+00 1.942077889230434229e+00
1.763828046947556683e+00 1.819222539935116956e+00 2.003140073971921620e+00
1.794033612339616557e+00 1.965481862461558205e+00 2.068851913046102720e+00
1.786202907477240975e+00 1.951128720694239593e+00 1.930310484624873979e+00
1.788426603345485422e+00 1.765640954633643567e+00 2.056271461462016781e+00
1.882462834198967094e+00 2.023692970445130968e+00 1.932416719908527813e+00
1.775222791281213741e+00 1.944034773736649235e+00 2.105281453426556926e+00
1.728008947056535849e+00 1.629726408146864536e+00 1.681929187134283410e+00
1.831614610495028383e+00 2.008383030643848155e+00 2.116821361449947592e+00
1.984377961018550351e+00 1.868282056257164703e+00 1.901385917327469643e+00
2.058086812549901001e+00 2.329247484910838661e+00 2.128413455252303077e+00
1.921144171075109597e+00 2.199856500744540089e+00 2.190858564596351865e+00
2.370781659892712945e+00 2.160011915196112575e+00 2.237946802350238684e+00
2.389624873426258400e+00 2.215637543580756486e+00 2.559055686325791612e+00
1.661704734994390531e+00 1.840653186902195593e+00 2.111764709610589374e+00
1.892081698993034911e+00 1.979933539995716529e+00 2.108106740008233615e+00
1.613309742841109840e+00 1.780275859518432480e+00 1.931006603250117859e+00
1.916037240217981275e+00 2.040052234712891543e+00 2.108201367098241796e+00
1.774691173008557055e+00 1.888123213475173756e+00 2.314133974546984440e+00
1.768255404880784365e+00 1.683589538360972249e+00 1.913556198292145405e+00
1.611436323647431612e+00 1.692157345551677627e+00 1.810148976794950793e+00
1.502570498436006874e+00 1.663505344335099778e+00 1.884087054033340092e+00
2.426314745682144558e+00 2.368859666052177904e+00 2.361935686303826554e+00
2.018263170209440460e+00 2.056617793130415262e+00 2.111874853953461972e+00
1.620855833620546971e+00 1.882388689225922285e+00 1.954545799272788598e+00
1.458450546297283434e+00 1.789972285856358258e+00 1.764821250714851519e+00
2.551484627639870606e+00 2.382623487895681347e+00 2.611148442115002410e+00
1.376974844245359542e+00 1.656891680400715439e+00 1.735675702497936790e+00
1.580567544809266867e+00 1.830289430660337224e+00 2.047615913441877655e+00
1.734165831657763945e+00 1.902788049835534290e+00 2.254855459996826905e+00
2.044794295534138051e+00 2.114285796667789263e+00 2.326390660126117726e+00
2.031412719375480069e+00 2.107835888984738393e+00 2.286669896677674618e+00
1.834977553241886827e+00 1.809038898435531006e+00 1.965839924680209183e+00
1.877996563113877304e+00 2.024021988033990471e+00 2.124602979561224458e+00
1.444384670003682203e+00 1.596714333546740416e+00 1.760253286478365098e+00
2.250927234573329105e+00 2.097914361788991044e+00 2.101486897126107589e+00
1.507984449981616182e+00 1.674408988452213531e+00 1.941318379457659393e+00
1.882778568107825290e+00 1.939964205135692232e+00 2.187726635425554456e+00
1.997745367087764290e+00 1.841416290063171424e+00 1.927527196755197458e+00
1.825649304176820920e+00 1.796249759763616005e+00 1.908765354351127153e+00
2.352959755020700428e+00 2.119812922738869343e+00 2.254211438769271769e+00
1.697118008041548887e+00 1.867211359220450895e+00 1.912486834544823378e+00
1.629428617734411944e+00 1.770254056320828884e+00 1.891082865016080916e+00
2.297239335966310136e+00 2.230768110240653357e+00 2.506646208924980801e+00
2.115385181476264975e+00 2.039302848035124072e+00 2.204741342972815321e+00
1.597864959835202603e+00 1.843882273113921499e+00 2.031399596391485485e+00
1.866456588595152732e+00 1.934342666629932594e+00 2.009229658686722431e+00
2.341079599118036647e+00 2.244291756174488839e+00 2.269360406878060399e+00
2.028195468347492092e+00 2.071393362357397461e+00 2.272581195939675780e+00
1.915059567687169562e+00 1.940855336094898353e+00 2.179621823575831119e+00
1.580861843049556237e+00 1.822869743030052003e+00 2.010201166480428459e+00
2.176977944814944887e+00 2.152822472888159311e+00 2.236958754356760615e+00
1.740232537415003389e+00 1.929488351023622261e+00 2.090661389799071568e+00
2.170459383108795492e+00 2.298928189748164375e+00 2.254864494899585736e+00
1.630037511096875891e+00 1.771016053435252147e+00 1.890011880722105797e+00
1.637275193882872459e+00 1.776873419360950557e+00 1.759073200553277427e+00
1.789633984614099838e+00 1.937674357689745497e+00 2.052958863519846133e+00
1.905872921463838576e+00 2.075458498505470484e+00 2.182146651501869261e+00
1.676124993930444784e+00 1.806993953239921957e+00 1.830810595143383956e+00
1.882442302211852825e+00 1.824828854077710893e+00 2.117065789788380226e+00
1.895336236703425881e+00 1.909255966393914150e+00 2.208398621009956653e+00
1.877048799341578311e+00 1.977002756153788177e+00 1.902704813598523836e+00
1.536267196165346682e+00 1.651914051038357423e+00 1.792383221099776547e+00
1.844498669037413663e+00 1.790778889906134097e+00 1.932107878590219929e+00
2.037110157780446240e+00 2.078080960358621887e+00 2.193926372504491518e+00
1.630344338289341000e+00 1.800689796191464964e+00 2.032339669872369470e+00
