8.461423102773736604e-02
7.904183643476953014e-02
8.462242609219040868e-02
8.416742217986657171e-02
7.994975678386918860e-02
8.520867442443698370e-02
8.257030631489191419e-02
8.008074464563375017e-02
8.506856051562422527e-02
8.227647469529016100e-02
8.148030711741986731e-02
8.549136565180316671e-02
8.111877795054421580e-02
8.114800050157998379e-02
8.595860264834227771e-02
7.961168861915032813e-02
8.236478577519185107e-02
8.569144364748959575e-02
7.955011847319054530e-02
8.310750779956864454e-02
8.509000988112554176e-02
8.090691322666400398e-02
8.376132236545116849e-02
8.435911295581079161e-02
8.025570562271154562e-02
8.458310678637709357e-02
8.364044189195968260e-02
8.013082103626423258e-02
8.590492451221348746e-02
8.187021016201033452e-02
8.069119441239905322e-02
8.624800295932187610e-02
-4.741809848522847148e-01
-9.679230749360485664e-01
-1.071317439032953844e+00
-1.093543434067312026e+00
-1.092259391934593982e+00
-1.091316089231077813e+00
-1.063044328133620819e+00
-1.054046981692330798e+00
-1.080750397903395665e+00
-1.095886100516627382e+00
-1.105847344134022192e+00
-1.099834045443146113e+00
-1.082055897727842497e+00
-1.086456958067913980e+00
-1.057844850579324980e+00
-1.088183519185434323e+00
-1.090145240708231045e+00
-1.089062637407834488e+00
-1.075058880373175541e+00
-1.092750545016802910e+00
-1.082188155891056880e+00
-1.064632283342528796e+00
-1.074910021317149189e+00
-1.099867468425540507e+00
-4.440297522194912999e-02
8.088252893113306863e-01
8.175403416762803133e-01
8.156402168330240121e-01
5.260811133069168699e-01
-1.340350404122987449e+00
-1.470345174299041879e+00
-1.491416223855143830e+00
-1.513435051311631696e+00
-1.508147777900386233e+00
-1.488854690976576300e+00
-1.519669707929979463e+00
-1.519154780207654154e+00
-1.519215523950443680e+00
-1.518932746351005614e+00
-1.504494992024878242e+00
-1.371380564829211890e+00
-1.281065541806691188e+00
-1.218218218739027803e+00
-1.168781160656066520e+00
-1.166746784671715664e+00
-1.148733508250990631e+00
-1.118168009780809768e+00
-8.702160002006319450e-01
2.531345565029843869e-01
-7.145976210061695255e-01
-1.496827215227968244e+00
-1.494803806791393130e+00
-1.515875431408938212e+00
-1.520152306565681677e+00
-1.514982704569393768e+00
-1.510504403922355410e+00
-1.518866839895671284e+00
-1.514611774539800448e+00
-1.512605861614084279e+00
-1.510276907608968155e+00
-1.461230685709986377e+00
-1.429106363846115446e+00
-1.328568203791944624e+00
-1.193141555098560680e+00
-1.178616160806540858e+00
-1.031252923258263454e+00
-1.020131345488288099e+00
-1.041489105632743106e+00
-1.023074187942017321e+00
-7.740836176957415216e-01
9.019535225961777813e-02
8.009751090434870102e-01
4.114733491498219209e-01
-1.063858353162461690e+00
-1.482206650097807943e+00
-1.491538337262376279e+00
-1.507213926919797276e+00
-1.519744589105682886e+00
-1.519317917038671695e+00
-1.519584018107037249e+00
-1.519329739880623809e+00
-1.513407146762301148e+00
-1.454253339469328443e+00
-1.388115882229021381e+00
-1.348605723127852762e+00
-1.260233769524000680e+00
-1.213940201484676518e+00
-1.264254476400662019e+00
-1.168928907207704038e+00
-1.158880147314039322e+00
-1.128830448161709299e+00
-1.139941726588754589e+00
-1.023918711641671253e+00
-1.067139911120028151e+00
-1.091153673120329071e+00
-1.107691667251843315e+00
-1.114796441741485511e+00
-1.114596939258664765e+00
-1.108519735717510057e+00
-1.065602835531925807e+00
-1.084389462256106551e+00
-1.076698282239052951e+00
-1.032784842754677079e+00
-9.945309583688618504e-01
-1.073612071224356646e+00
-9.604348131113006337e-01
-1.050247060891809081e+00
-1.003899619651903663e+00
-1.040815082459748186e+00
-1.067581776596278287e+00
-1.051107436525053895e+00
-1.052857543813010999e+00
-9.116041324672720103e-01
-9.187724110949492262e-01
-9.912029855544964851e-01
-1.034354030395746582e+00
-9.620101051311631402e-01
-1.004387441841801731e+00
-1.054541245222450740e+00
-1.075141924361739498e+00
-1.082390824146060027e+00
-1.079799182173847516e+00
-1.041298519085118057e+00
-1.015570752119175468e+00
-1.081883756282289388e+00
-1.026721086973968022e+00
-1.041831528966243647e+00
-9.653279402116667907e-01
-9.886702291217334126e-01
-8.520684519235591781e-01
-8.868567404825200562e-01
-7.535143142398554872e-01
-9.618495239002858854e-01
-1.051052945678888406e+00
-1.088948878517329577e+00
-1.104417527662135745e+00
-1.123903406981993314e+00
-1.124921145307719250e+00
-1.174316274364247237e+00
-1.199673447108391411e+00
-1.150060242764708862e+00
-1.174127959472337945e+00
-1.073586628178763158e+00
-1.156647620956011480e+00
-1.141673918142147803e+00
-1.140094517981642186e+00
-1.148022465967798666e+00
-1.152023836083663433e+00
-1.137158272006821624e+00
-1.135855333149420776e+00
-1.133796629482871188e+00
-1.105982746852585352e+00
-1.024831966093193714e+00
-9.706301084415910330e-01
-8.503218772633797107e-01
4.709670118372873970e-01
8.138147252344886118e-01
8.206249661433515641e-01
8.117991173195566734e-01
8.140575404022671879e-01
8.176442647339118297e-01
5.776259176405681983e-02
-1.439541683954456364e+00
-1.478351178211365635e+00
-1.468464734162612251e+00
-1.481166464814164474e+00
-1.407772692029894079e+00
-1.491608995084516165e+00
-1.477111249536038562e+00
-1.518543845613683052e+00
-1.519430266539599783e+00
-1.518986362140743340e+00
-1.517595137131965588e+00
-1.470089633495510917e+00
-1.399112578020765607e+00
-1.308097726739228639e+00
-1.237749546621858876e+00
-1.195537160054170656e+00
-1.174693720018057164e+00
-1.164635448061393630e+00
-1.156058834729397411e+00
-1.056621246677032611e+00
-1.064515013041079428e+00
-1.033881980889802987e+00
-1.085750302502884068e+00
-1.051578896925314810e+00
-1.012944195265085057e+00
-1.074138420073230682e+00
-1.017178081456588279e+00
-1.071708139188443765e+00
-1.068450107137483007e+00
-1.061642165621708545e+00
-1.087120871745999917e+00
-1.058365382454732329e+00
-1.094445532677935429e+00
-1.058355451171189232e+00
-1.073946668806741167e+00
-1.108893452675928870e+00
-1.049199524401866146e+00
-1.056828681396398517e+00
-1.128655094096403522e+00
-1.043916440688167580e+00
8.389736204042733125e-02
8.320451070873251254e-02
8.089937212218488438e-02
8.468466128304158458e-02
8.204074880874755171e-02
7.897346692080052522e-02
8.482589135777701683e-02
8.165147780508601183e-02
7.981481090434867920e-02
8.564016386617845367e-02
8.019590730802025891e-02
8.198239840497566211e-02
8.620815980338064621e-02
8.058146912775240867e-02
8.182526398154185698e-02
8.592495149721622594e-02
7.939765782213974166e-02
8.255835852936752040e-02
8.453396845061944553e-02
7.930582103626421242e-02
8.320863730751867915e-02
8.350102297236293436e-02
7.994598119075087272e-02
8.473168485730048216e-02
8.284153714199729568e-02
7.963225645784220708e-02
8.597131845312734610e-02
8.181891207303004787e-02
8.074115157746902804e-02
8.617978146160405750e-02
8.170200722275167138e-02
8.050000125394994599e-02
8.595131268495760646e-02
8.080435371419972257e-02
8.171902322315292844e-02
8.586789787831669574e-02
8.023538606610824964e-02
8.297125886542609796e-02
8.432718428048352477e-02
7.963815759642874081e-02
8.357764869338416003e-02
8.437555324271456270e-02
7.950531639664944195e-02
8.493061533831568199e-02
8.330590234237850167e-02
7.915317590409791382e-02
8.561934247880823023e-02
8.292693038069919031e-02
7.935683588303155123e-02
8.577141666248683238e-02
8.196499398104027667e-02
8.057702507899884570e-02
8.538329176907256957e-02
8.112067898881475392e-02
8.178499408135626869e-02
8.586752575613182392e-02
7.978061358278577819e-02
8.272351251442042197e-02
8.553558885489291608e-02
7.902323283342529980e-02
8.349776711641671012e-02
8.550324196218087036e-02
7.878358745046896983e-02
8.425163961478658592e-02
8.450910287405326293e-02
7.963555926167427412e-02
8.482064177158048224e-02
8.354435451672768964e-02
7.929933410242262504e-02
8.606476666499472683e-02
8.219316878166224583e-02
8.022159336911272032e-02
8.563064116968450989e-02
8.178489843005468107e-02
8.169448768621158374e-02
8.565227968099513312e-02
7.994745859457288994e-02
8.237767487585896664e-02
8.614529688518833550e-02
7.987437658624667314e-02
8.252469358479209982e-02
8.586004383808998330e-02
7.954788448613130114e-02
8.341133159452274182e-02
8.446972443196068547e-02
8.004695450669609136e-02
8.428529217033656207e-02
8.317701700356121275e-02
8.030978331744997867e-02
8.542525826353011831e-02
8.296561122535989208e-02
7.956258644730902774e-02
8.574119340923910815e-02
8.128721552891608748e-02
8.029381386367055728e-02
8.599440121382355418e-02
8.122358233435321428e-02
8.137269002357425118e-02
8.637935291167177232e-02
8.079801725435120652e-02
8.125585584591463184e-02
8.627143782916187054e-02
6.305065130160004971e-02
-6.351174849776796139e-01
-9.287908589557104522e-01
-1.054323837889351578e+00
-1.093826901439534538e+00
-1.004869037919446040e+00
-8.774152029894167759e-01
-1.505020561117520028e+00
-1.503836256508000124e+00
-1.441330441290063602e+00
-1.492212970808045380e+00
-1.511004868034308224e+00
-1.513630222651351831e+00
-1.440898564127000236e+00
-1.469277469729648455e+00
-1.488041288960224584e+00
-1.487303202437678662e+00
-1.365804741285047808e+00
-1.493463410493053090e+00
-1.476699753874705312e+00
-1.486511364999749008e+00
-1.490448402367457570e+00
-1.421271449867081538e+00
-1.484668868034308087e+00
-1.474318865074986329e+00
-1.442581834980187550e+00
-1.506775352660881806e+00
-1.477505813763354769e+00
-1.508824823644480118e+00
-1.515181329437728763e+00
-1.497797959372021870e+00
-1.356896002608215746e+00
-8.159365462707528494e-01
8.113099017906405530e-01
8.104249853037066575e-01
4.367888241460601284e-01
-1.342940030696694764e+00
-1.470875185785223360e+00
-1.510132715052415087e+00
-1.507326425991874608e+00
-1.510445033355068523e+00
-1.498095694337162165e+00
-1.512095237648592994e+00
-1.514883440236745926e+00
-1.487487827506646099e+00
-1.374863447258865445e+00
-1.206750260169534128e+00
-1.113573090886291750e+00
-1.135602117419872492e+00
-1.084421242814866737e+00
-6.469676971961678680e-01
6.524133236194010754e-01
8.095309030947483997e-01
7.744061337212218010e-01
1.985921778602597609e-01
-4.932721342228018058e-01
-1.451074731755028324e+00
-1.518454147113407204e+00
-1.517747173245723946e+00
-1.519211085870492139e+00
-1.479498818478206301e+00
-1.518877917088830021e+00
-1.518667234137533351e+00
-1.515459237147013027e+00
-1.518141091488187877e+00
-1.518943462155790680e+00
-1.509256856447810602e+00
-1.439914093293875652e+00
-1.314753196519034883e+00
-1.250863159101168742e+00
-1.214515737573356180e+00
-1.182529811004664699e+00
-1.155834632542509066e+00
-1.148343167728344216e+00
-1.128800911120028116e+00
-1.032783775191854270e+00
-1.075651403872197376e+00
-1.046880731504238327e+00
-1.006592540352108989e+00
-1.020132954356221866e+00
-9.947343728243968064e-01
-1.044027559161358365e+00
-1.051352606410192347e+00
-1.037391828710437780e+00
-1.006520416160906928e+00
-9.891283961980237294e-01
-9.397089709083612519e-01
-9.439957583889251325e-01
-9.306601961679289436e-01
-8.824465982845964840e-01
-8.684370401765560965e-01
-9.030550048653256390e-01
-9.457483410242263355e-01
-9.450023791944626161e-01
-9.618980966544613542e-01
-9.602192778251492644e-01
-9.414984766012941542e-01
-9.599356142348397514e-01
-9.903686905251543049e-01
-1.007630519335908081e+00
-1.011084967497617448e+00
-1.024963632743140840e+00
-1.031534571399909783e+00
-1.045794563826051959e+00
-1.053849956111752029e+00
-1.109638601143602354e+00
-1.109411691177208059e+00
-1.112136490745849526e+00
-1.100388448813763409e+00
-1.135553137382755651e+00
-1.099637159703064526e+00
-1.107588826102222201e+00
-1.193697381953152448e+00
-1.320426224055775810e+00
-1.230680686863620421e+00
-1.285830093344033642e+00
-1.263136882078547574e+00
-1.255065328334252994e+00
-1.326862594472588697e+00
-1.320876145207403374e+00
-1.306341579976927569e+00
-1.344755507097356695e+00
-1.254204243366604743e+00
-1.221382356222099785e+00
-1.191124084114961956e+00
-1.206662670712745244e+00
-1.171993703215127747e+00
-1.181756513868686520e+00
-1.152935842554045243e+00
-1.304799277474043340e+00
-1.273138154837738956e+00
-1.304684714801625178e+00
-1.376303972212469251e+00
-1.408722021317148965e+00
-1.499918009680493380e+00
-1.412645164869338332e+00
-1.471019887395295100e+00
-1.479975330741836625e+00
-1.497371468074434553e+00
-1.427198419471334745e+00
-1.498176193007975110e+00
-1.497014560164517949e+00
-1.510272140291919696e+00
-1.401870481015198067e+00
-1.493827837237297507e+00
-1.472903437327581777e+00
-1.504953003812007806e+00
-1.498984762903144974e+00
-1.473683754727391326e+00
-1.360742315192857710e+00
-1.309310901539850303e+00
-1.368412943020514749e+00
-1.264890881827757330e+00
-1.287171384962632503e+00
-1.222167205898580633e+00
-1.229839474494658358e+00
-1.196950562622259850e+00
-1.169637978682851021e+00
-1.224591503937402903e+00
-1.246185081456588239e+00
-1.176909897376736680e+00
-1.136067179916737668e+00
-1.144316077744896409e+00
-1.145393039424186243e+00
-1.113270077945528236e+00
-1.192119416110748897e+00
-1.213517515323268237e+00
-1.187453458544414753e+00
-1.248880145357877280e+00
-1.310464191252445287e+00
-1.399005874755479883e+00
-1.408708695641269992e+00
-1.389180117921452462e+00
-1.387658670813061157e+00
-1.256103619300797503e+00
-1.156065314089381513e+00
-1.144156200631990750e+00
-1.142321776094698205e+00
-1.050531143000451362e+00
-1.034688460600893034e+00
-1.187929736319406127e+00
-1.146612590309474822e+00
-1.103570906455334288e+00
-1.117720024477102836e+00
-1.055596852385012552e+00
-1.051851077795054268e+00
-1.062189246125294861e+00
-1.072047234739429200e+00
-1.057491602297236488e+00
-1.103944986958920627e+00
-1.127940246275768610e+00
-1.022100142799819533e+00
-1.081849181973215668e+00
-1.079718624115965309e+00
-1.041653609168881944e+00
-1.032922543311431074e+00
-1.015074553292872439e+00
-1.007385034859808126e+00
-9.482018112554545519e-01
-9.770677343632442335e-01
-9.761373351557405265e-01
-9.435656414204746101e-01
-9.056966587249838385e-01
-1.018271943622410580e+00
-1.016894169383558033e+00
-1.065178100466469324e+00
-1.040485241711391007e+00
-1.004213079600742464e+00
-9.757976378090985614e-01
-8.941397675176808724e-01
-8.423712137232282071e-01
-8.319312165320760233e-01
-9.034136966945879310e-01
-9.212751840798515390e-01
-9.540391426995034063e-01
-9.175597792546522635e-01
-9.020721323669559366e-01
-9.030699673471436206e-01
-8.034492553543662874e-01
-9.068496920800521721e-01
-7.003506334955108548e-01
8.155346080152479915e-02
8.565755554998244481e-02
7.879771098961728393e-02
8.296591172192405161e-02
8.457253006971962583e-02
7.951336008426544699e-02
8.360463334503685784e-02
8.401489903195062670e-02
7.996018568490746714e-02
8.487830330541205892e-02
8.299338546421226870e-02
8.037571786126297690e-02
8.562176892210464352e-02
8.118361583989566754e-02
8.041956192004814929e-02
8.568229272207454617e-02
8.108501976225108987e-02
8.100356197020616711e-02
8.597224271455083944e-02
8.023194949089633432e-02
8.239363961478658738e-02
8.543332472287706869e-02
8.007852109143803743e-02
8.182102056477905117e-02
8.554631995786726728e-02
7.992410919396097935e-02
8.389587876811957501e-02
8.379368300145459414e-02
8.011840723278326748e-02
8.482129337412851189e-02
8.360709083613382386e-02
7.961269664442993665e-02
8.599528529869086835e-02
8.243667061242916649e-02
7.956572021868886513e-02
8.658959602748657336e-02
8.218942303255255544e-02
8.126049004363744555e-02
8.622281220845663674e-02
8.078254541806691169e-02
8.150737819130260409e-02
8.501508903044589782e-02
8.017873983046597264e-02
8.301692877564326167e-02
8.569272749159853597e-02
7.919887615990370278e-02
8.358045874504689554e-02
8.543102713547673366e-02
7.953142885088027025e-02
8.366721708381401335e-02
8.443174158599588142e-02
7.894834709334404288e-02
8.516259592717057014e-02
8.307938476200030231e-02
7.971698409991472001e-02
8.551925084014644352e-02
8.316851702864019868e-02
7.970904654662186450e-02
8.589915107588905197e-02
8.201468475698450722e-02
8.169026227616993374e-02
8.534781983247227699e-02
7.988653157445954611e-02
8.231952390028590694e-02
8.642434032201434801e-02
8.004883598334755490e-02
8.279415553995085608e-02
8.562938541405426540e-02
8.036771821236896041e-02
8.328716552139238394e-02
8.549618297637558151e-02
8.005486507498620063e-02
8.348305201384360885e-02
8.331471976726688433e-02
7.987086196519034564e-02
8.578243953453379422e-02
8.260575387470531217e-02
7.956693805487284610e-02
8.524823017505141209e-02
8.201752716055574211e-02
8.085186858604603843e-02
8.657196238150173528e-02
8.055905998896523146e-02
8.105331970707729816e-02
8.633290846165421473e-02
8.107764116968449453e-02
8.171024933540652069e-02
8.588672222500878806e-02
8.055686051060842456e-02
8.339138887495611829e-02
8.506901479660931853e-02
8.040695530922405132e-02
8.500648904047750087e-02
8.344679094146560672e-02
8.080938807242815658e-02
8.450989481867883513e-02
8.492137056728696343e-02
8.104185213422279710e-02
8.571904559361989695e-02
8.269268275066457563e-02
7.796057837187139739e-02
-5.128284011135075815e-01
-8.683356917289462018e-01
-9.622411690324521594e-01
-9.575597775492802333e-01
-1.009238925615689286e+00
-1.016333779304810170e+00
-9.837789840999147106e-01
-9.814075810804032685e-01
-9.951246636906255771e-01
-2.148812931734965515e-01
8.157182755680392194e-02
8.131954235842905887e-02
8.607210222199930538e-02
8.032577183126850262e-02
8.073457440938958118e-02
8.569875818829311709e-02
7.938495410543211506e-02
8.191981225861463822e-02
8.594697110899332526e-02
7.907931815217936200e-02
8.314316943371620472e-02
8.555967407333099628e-02
7.965127953052114629e-02
8.287180047148516582e-02
8.334972864523247649e-02
7.961499222551035593e-02
8.478588804734914219e-02
8.291370903345537946e-02
8.012741094447509149e-02
8.531805447158551103e-02
8.349875698450118233e-02
7.903422851983749053e-02
8.593281090434869152e-02
8.163263805988864308e-02
7.996178442092592709e-02
8.598910247278929164e-02
8.054753423283343705e-02
8.135763565230476335e-02
8.610370792997944223e-02
8.123656472889602409e-02
8.189537919446254755e-02
8.520303310427845833e-02
7.921258163214123238e-02
8.361435241009178287e-02
8.441414310076741923e-02
7.975438150173044805e-02
8.405585885539448854e-02
8.433998906555650876e-02
7.941126689070572564e-02
8.507960625971811019e-02
8.400077805086021698e-02
7.860952756181972811e-02
8.603350704719868458e-02
8.233947419371018261e-02
8.052568119576665462e-02
8.505149395596128814e-02
8.181156472889601627e-02
8.144015398505290160e-02
8.537433294878868373e-02
8.070349295280131174e-02
8.202342995435621398e-02
8.578654777549279964e-02
8.036599974921002087e-02
8.245364889401614328e-02
8.508809871093946098e-02
7.846791202287205225e-02
8.349700185584590928e-02
-2.644608833324973429e-01
-9.527380216682549419e-01
-1.084963484074835671e+00
-1.119711730551236517e+00
-1.134370213673070449e+00
-1.141110835531925716e+00
-1.145522603400712214e+00
-1.148372068214877029e+00
-1.148034403822039362e+00
-1.150004674273963134e+00
-1.151517945628730555e+00
-1.150436998796207977e+00
-1.151026088127601765e+00
-1.152052996639414184e+00
-1.149098952901640214e+00
-1.150704753222651533e+00
-1.152118850278376794e+00
-2.263871608065405883e-01
-7.019519642875057253e-01
-1.064246303455886222e+00
-1.118386123137884214e+00
-1.134255538546421249e+00
-1.143211743040577932e+00
-1.146039945678888339e+00
-1.148069978682850767e+00
-1.150260018759091230e+00
-1.151236758489241119e+00
-1.150318185885539357e+00
-1.150832581180719405e+00
-1.150444738777147924e+00
-1.151511332196418769e+00
-1.151208689923258310e+00
-1.150224145859457314e+00
-1.150830801625118971e+00
-1.151716506645934723e+00
3.430415617695741770e-01
-1.648197435421578094e-01
-9.670026470381702932e-01
-1.087401475648292148e+00
-1.121662425289662535e+00
-1.136925795154737573e+00
-1.140938540201635210e+00
-1.145218881777599451e+00
-1.148460467572854471e+00
-1.149248823945428155e+00
-1.150088181220845662e+00
-1.151157246275768653e+00
-1.150621005567537658e+00
-1.149037892912674774e+00
-1.151454643627426444e+00
-1.150916005918643847e+00
-1.150534779505442140e+00
-1.150711560314992221e+00
3.886934695791744998e-01
7.341486903245223461e-01
-2.695126590259316890e-01
-9.551843215629232109e-01
-1.079010870893314156e+00
-1.117338470632492475e+00
-1.132047321412449126e+00
-1.139318932738125012e+00
-1.144687444650649644e+00
-1.147833516577218216e+00
-1.147231866680042067e+00
-1.150859347645082131e+00
-1.150857159552590714e+00
-1.149989064352710866e+00
-1.152093018207352992e+00
-1.151807287605958630e+00
-1.150233040327029999e+00
-1.150534248081456434e+00
2.614423734764493440e-03
-8.469121292070019846e-01
-1.079360054772533495e+00
-1.122759442142749808e+00
-1.135537187942017523e+00
-1.142646539800371119e+00
-1.145724929828961125e+00
-1.147608936098710952e+00
-1.148783731052816393e+00
-1.150553820685158435e+00
-1.149902728344284419e+00
-1.151800113557706728e+00
-1.150881165521392413e+00
-1.149748812810352572e+00
-1.151380375733560779e+00
-1.151741443045593671e+00
-1.149556715403521112e+00
-1.151457419320860653e+00
3.543228415007273480e-01
-1.629449463309424473e-01
-9.656341981240909034e-01
-1.089189428248984237e+00
-1.120343159251642851e+00
-1.133913615037367428e+00
-1.142521331042784860e+00
-1.145156488137633488e+00
-1.147160632492350896e+00
-1.148380332898630840e+00
-1.149857245222450697e+00
-1.151619185484275443e+00
-1.149880112253598874e+00
-1.151616066760295043e+00
-1.152098041580980059e+00
-1.150619467021116504e+00
-1.149432670110849042e+00
-1.151537158198324695e+00
-1.150657820484526361e+00
-1.148676203641470828e+00
-1.151049488037317436e+00
-1.151151396900235824e+00
-1.150072125344836271e+00
-1.150455946130310547e+00
-1.151180820233736357e+00
-1.150283989667452378e+00
-1.149107525705973964e+00
-1.151344185233485584e+00
-1.150667966193509528e+00
-1.150609265185333685e+00
-1.151068797010583067e+00
-1.150089758689873065e+00
-1.151216631790139111e+00
-1.150483120730300346e+00
-1.152053794703315370e+00
-1.151084938255504841e+00
-9.160231922054473674e-01
3.369125868987310479e-01
3.937655562020364042e-01
-8.126442901138587471e-01
-6.407631573957967008e-01
5.069778146661986229e-01
1.176240505091036975e-01
-1.002456202537994612e+00
-2.603486087174600172e-01
5.647913864673721474e-01
-2.372573361087425559e-01
-1.016874973265787352e+00
1.124440874755479741e-01
5.043179560615940193e-01
-6.157861412950795810e-01
-8.368329753724230713e-01
4.050494136530068956e-01
3.034683688619150832e-01
-9.041961370818075716e-01
-4.653081834277975615e-01
5.531308555951246486e-01
-5.077005196368560014e-02
-1.033007130962531939e+00
-6.930551075889049284e-02
5.465410275868988199e-01
-4.277913144404876244e-01
-9.521608806741235220e-01
2.695091212318804219e-01
4.224244284496162516e-01
-7.745473122335355676e-01
-6.894067262376486482e-01
4.920312996940362504e-01
1.637544426443296175e-01
-9.918530682650348318e-01
-2.656086216080654205e-01
4.512046771329688566e-01
-9.162252026884687428e-01
-8.545888247981135721e-02
5.536777649596227313e-01
-4.471616129307318110e-01
-9.415750741836783622e-01
2.882919731153132381e-01
4.091643524100918028e-01
-7.863785783217134284e-01
-6.736338616140844504e-01
4.921514726889702485e-01
1.484400593870692231e-01
-9.924038705422080220e-01
-2.988690425841400433e-01
5.665995242513919283e-01
-2.070493335506846944e-01
-1.021148492852485434e+00
8.602584987711288378e-02
5.170030380699202066e-01
-5.848622064503185003e-01
-8.597962156292320302e-01
3.845629309324371525e-01
3.280331252946782628e-01
-8.681277543261273211e-01
-5.617464017154034650e-01
5.324021257461002410e-01
4.546803506044037879e-02
-1.020854280333049147e+00
-1.759449330390731314e-01
5.601574651151126627e-01
-3.244974755479761441e-01
-9.903076592265637190e-01
1.877103368611124923e-01
4.729790646536590759e-01
-6.869394149069569799e-01
-7.763840661583989444e-01
4.457332348899031849e-01
2.507883786427246298e-01
-9.406721341224857369e-01
-1.093544916035511960e+00
-1.114397370617444816e+00
-1.130694376285298786e+00
-1.137593609570145992e+00
-1.144334327882831071e+00
-1.146678220895822164e+00
-1.146085146661985465e+00
-1.149120248282088586e+00
-1.152993047850729758e+00
-1.149670184029693676e+00
-1.151051798364849388e+00
-1.151824921903997545e+00
-1.149630660430355666e+00
-1.150896685709986489e+00
-1.149746017755931327e+00
-1.152026500927922914e+00
-1.151897563826052018e+00
-1.151486204243366673e+00
-1.151337841651201233e+00
-1.150745097406831619e+00
-7.886696947885840636e-01
8.520805226463359916e-02
8.357389276220092422e-02
7.997613989065556483e-02
8.629483618397953970e-02
8.176615167778501780e-02
8.198347845713999105e-02
8.580274660179565416e-02
7.989392416110749351e-02
8.235977443948437615e-02
8.648148412499372106e-02
7.940498806239654206e-02
8.185893093243717944e-02
8.556256598284597836e-02
8.052401655213924092e-02
8.303828891006670432e-02
8.503814686261725042e-02
8.018548853889752304e-02
8.421972433164467975e-02
8.230607222751668006e-02
7.977621683302402178e-02
8.501675678386919066e-02
8.283252455233987288e-02
7.893985007774488583e-02
8.509479545568540693e-02
8.139451763053619227e-02
8.062426794402366426e-02
8.663196599287756317e-02
8.138883121833775935e-02
8.087948462657369719e-02
8.551992486331946863e-02
8.113030250288409684e-02
8.200262852986908713e-02
8.597111019712093405e-02
8.066149034458544587e-02
8.302885358880474076e-02
8.572516592265636004e-02
7.966189065556503190e-02
8.377831775091537647e-02
8.470666554647138247e-02
7.920819782314289514e-02
8.541686281787630453e-02
8.335681872899634859e-02
7.871887931985754872e-02
8.503372884586447855e-02
8.323252294728393508e-02
7.873304298540402535e-02
8.612223313437328276e-02
8.281738350805036009e-02
7.977552415107588835e-02
8.566638556452825515e-02
8.168057601444549121e-02
8.150410086773336726e-02
8.508404825199378241e-02
8.076841761548878007e-02
8.213843858153183075e-02
